ASTROPH FLASHFREEZE
test 0
{'acc': [0.88560000005449568, 0.89428571439470561, 0.90022857151031499], 'loss': [0.29059733137403215, 0.26544252452850342, 0.24737989100047519], 'val_acc': [0.76733333
333333331, 0.77213333336512247, 0.77173333333333338], 'val_loss': [0.68585254354476932, 0.6886985684076945, 0.71202805388768509]}
final=[0.71202805388768509, 0.77173333333333338]

test 1
{'acc': [0.88754285725184845, 0.89828571439470561, 0.90114285722460064], 'loss': [0.28945681837626863, 0.25981889501299177, 0.24704782291139876], 'val_acc': [0.77226666
673024491, 0.77226666666666666, 0.77000000000000002], 'val_loss': [0.67290647417704263, 0.69533845392862959, 0.72132016226450602]}
final=[0.72132016226450602, 0.77000000000000002]

test 2
{'acc': [0.88908571436745776, 0.89668571432658606, 0.89965714291163856], 'loss': [0.28686511319024222, 0.25952018345424105, 0.24549379992485046], 'val_acc': [0.77280000
00635783, 0.77360000006357832, 0.77320000006357825], 'val_loss': [0.69413331483205154, 0.69960649356842042, 0.71683048664728799]}
final=[0.71683048664728799, 0.77320000006357825]

test 3
{'acc': [0.88731428579602922, 0.89657142865317208, 0.90085714289801466], 'loss': [0.28977768701144629, 0.26275583464758739, 0.24687415546689714], 'val_acc': [0.77546666
6730245, 0.7752, 0.77706666673024494], 'val_loss': [0.67160940532684321, 0.68723108590443927, 0.70408048623402908]}
final=[0.70408048623402908, 0.77706666673024494]

test 4
{'acc': [0.89000000002724788, 0.89571428574153356, 0.90245714293888635], 'loss': [0.28765317434242793, 0.26064372870581493, 0.24624159269332885], 'val_acc': [0.77453333
33333333, 0.77466666666666661, 0.77413333336512247], 'val_loss': [0.68860990956624346, 0.70334249184926356, 0.715138894589742]}
final=[0.715138894589742, 0.77413333336512247]

test 5
{'acc': [0.8917714286123003, 0.89857142870766771, 0.89891428576878141], 'loss': [0.28507577654974803, 0.25795158002717156, 0.24308198365824563], 'val_acc': [0.775466666
730245, 0.77506666673024494, 0.77013333336512246], 'val_loss': [0.67294897530873621, 0.70667352282206219, 0.72102735633850101]}
final=[0.72102735633850101, 0.77013333336512246]

test 6
{'acc': [0.88902857141494751, 0.89640000010899135, 0.8995428572246007], 'loss': [0.29231657355853491, 0.2676399413381304, 0.25062963963236129], 'val_acc': [0.7728000000
635783, 0.77573333339691164, 0.77306666673024493], 'val_loss': [0.69071568504969283, 0.70111008911132811, 0.72201001962025957]}
final=[0.72201001962025957, 0.77306666673024493]

test 7
{'acc': [0.88851428575515745, 0.89520000004087175, 0.90057142862592421], 'loss': [0.28822821011543276, 0.26208887904030936, 0.24501569901193893], 'val_acc': [0.77413333
336512247, 0.77213333333333334, 0.76986666669845583], 'val_loss': [0.68132556206385297, 0.70880656363169348, 0.73097009925842282]}
final=[0.73097009925842282, 0.76986666669845583]

test 8
{'acc': [0.88577142854418078, 0.89657142868041995, 0.90011428574153352], 'loss': [0.28898263101577759, 0.2595306541102273, 0.24297562516757421], 'val_acc': [0.774533333
36512242, 0.77880000003178917, 0.7744000000317891], 'val_loss': [0.68303868916829424, 0.69757157529195146, 0.72205845683415726]}
final=[0.72205845683415726, 0.7744000000317891]

test 9
{'acc': [0.88891428572790965, 0.8952000000817435, 0.89828571429933823], 'loss': [0.29252161610467092, 0.26536265205655779, 0.24974726373808726], 'val_acc': [0.769599999
99999995, 0.77293333333333336, 0.77280000000000004], 'val_loss': [0.68398883943557742, 0.7089602718671163, 0.71660655651092531]}
final=[0.71660655651092531, 0.77280000000000004]

6
[0.77173333333333338,0.77000000000000002,0.77320000006357825,0.77706666673024494,0.77413333336512247,0.77013333336512246,0.77306666673024493,0.76986666669845583,0.7744000000317891,0.77280000000000004]

ASTROPH FROZEN
test 0
{'acc': [0.65676190476190477, 0.74641269842783609, 0.78101587302344189, 0.81250793650793651, 0.83009523809523811], 'loss': [0.89855061947353299, 0.66969830644698369, 0.
57356263225040738, 0.493442898371863, 0.44009545070405992], 'val_acc': [0.74400000027247837, 0.74914285727909635, 0.77371428605488368, 0.75828571483067109, 0.7674285717
6916945], 'val_loss': [0.6625102258409773, 0.65520824616295947, 0.60399023001534602, 0.63057303510393414, 0.65658217416490827]}
final=[0.70285632076263427, 0.75253333339691164]

test 1
{'acc': [0.65511111111867992, 0.75066666667423554, 0.78812698414212179, 0.81530158731672497,
         0.83422222223735987, 0.84812698414212184, 0.86425396826910594, 0.86596825396825394, 0.87663492063492066, 0.88088888890402661, 0.88095238095238093],
'loss': [0.89377307829781183, 0.66452647634536499, 0.5625662092140743, 0.4901088568445236, 0.43
397398685652111, 0.39651270628732349, 0.36165687514865208, 0.35606477552746968, 0.32209866675876436, 0.31120073148182459, 0.30635856432574138], 'val_acc': [0.7057142857
1428574, 0.73771428571428577, 0.73085714306150162, 0.74800000027247837, 0.75371428557804654, 0.75314285755157473, 0.76114285721097674, 0.75542857149669107, 0.7657142861
230033, 0.7622857141494751, 0.75085714326586039], 'val_loss': [0.79528496769496371, 0.68970756680624823, 0.71928937258039205, 0.71753288057872222, 0.70890756443568637,
0.7136130068642752, 0.76650566864013669, 0.75253512695857461, 0.74182304082598005, 0.82563892446245468, 0.81141877365112303]} final=[0.83602402013142907, 0.746933333333
33334]


test 2
{'acc': [0.65428571429328308, 0.75225396826153712, 0.78850793651550533, 0.81295238096751865, 0.8419682539833917, 0.85320634922148686, 0.86095238095238091,
        0.86800000000756883], 'loss': [0.8912163986705598, 0.66003728185381205, 0.56299574360014903, 0.48718872563801113, 0.42643049312773207, 0.39064490251692513, 0.36192339124566031, 0.33
962972983102951], 'val_acc': [0.68914285707473755, 0.74285714319774088, 0.73257142925262453, 0.74914285768781386, 0.75485714319774078, 0.76514285748345512, 0.7571428574
8345511, 0.76171428605488367], 'val_loss': [0.80413233603749956, 0.6843658982004438, 0.73578370397431514, 0.67800130661896296, 0.6984292306900024, 0.728772371837071, 0.
74870569607189719, 0.73662839164052696]} final=[0.72885273952484131, 0.75786666673024494]


test 3
{'acc': [0.6622222222297911, 0.74882539682539684, 0.78825396826910599, 0.81847619047619047, 0.83307936509450276], 'loss': [0.89341860438150078, 0.66763210513856674, 0.5
5954944154572861, 0.48283942716083827, 0.43956715614076647], 'val_acc': [0.7051428579602923, 0.72228571414947507, 0.76514285721097675, 0.75428571469443184, 0.7365714284
3518941], 'val_loss': [0.77525999709538052, 0.74800972243717734, 0.68196308537891936, 0.71693869563511436, 0.73301284122467036]} final=[0.72768737503687542, 0.743200000
06357834]


test 4
{'acc': [0.65358730160243927, 0.75092063492820371, 0.78628571428571425, 0.81339682539682545], 'loss': [0.894026580560775, 0.66414972409747897, 0.5621990432777102, 0.491
4098970019628], 'val_acc': [0.7422857149669102, 0.76457142870766781, 0.75485714353833877, 0.74857142925262454], 'val_loss': [0.69856914397648406, 0.65226113183157786, 0
.64937790618624003, 0.71061797060285292]} final=[0.71157566477457679, 0.75120000003178911]


test 5
{'acc': [0.65155555557069322, 0.74869841269841275, 0.78996825398339166, 0.81714285715042601, 0.84247619047619049, 0.85320634922148686], 'loss': [0.90054279949173099, 0.
65730794054364405, 0.55860423957733885, 0.48289796046605188, 0.41804494627222183, 0.38574823477911568], 'val_acc': [0.70457142938886375, 0.74057142918450491, 0.74857142
918450492, 0.76685714367457802, 0.75200000081743512, 0.76628571455819261], 'val_loss': [0.75339038167681016, 0.67861874743870332, 0.64978008052280967, 0.663968720912933
35, 0.70566338620867053, 0.72551779774257119]} final=[0.72097466112772624, 0.76119999999999999]


test 6
{'acc': [0.65422222222979109, 0.75200000000378442, 0.7857142857142857, 0.81758730158730164, 0.83968253969767737, 0.85244444444444445], 'loss': [0.8985016368608626, 0.65
636619301447796, 0.56531075024604793, 0.48632132244488552, 0.43081092913945518, 0.39334496154671622], 'val_acc': [0.71942857129233229, 0.74514285741533548, 0.7440000002
7247837, 0.74800000047683712, 0.74571428598676404, 0.74514285761969434], 'val_loss': [0.76300182928357807, 0.71489492062159943, 0.69198119694846016, 0.74576719856262208
, 0.74744610309600834, 0.76191465691157745]} final=[0.75636688588460288, 0.74813333333333332]

test 7
{'acc': [0.66057142858656626, 0.75244444444444447, 0.78952380953137835, 0.81701587301587297, 0.83161904763418526, 0.84806349207862974, 0.86069841270598157,
         0.86761904763418529, 0.87269841269841275, 0.8756190476341853],
 'loss': [0.8919873454722147, 0.65872052041311113, 0.55538093028749735, 0.48692575539104521, 0.4429197920087784, 0.398
05350627596414, 0.36796677388842142, 0.34043346325556439, 0.32696610202108112, 0.31852727309105888], 'val_acc': [0.72800000027247835, 0.69942857149669102, 0.74971428605
488366, 0.73314285782405308, 0.75885714353833877, 0.76857142925262456, 0.77257142870766771, 0.7800000006811959, 0.78000000013623916, 0.77142857190540859], 'val_loss': [
0.74184134156363346, 0.81065079484667102, 0.67513616739000593, 0.74794744821957182, 0.66791164234706335, 0.69766279656546459, 0.67415725667136062, 0.72224687147140498,
0.72388936955588201, 0.7440480277878897]} final=[0.81073037751515709, 0.76480000000000004]


test 8
{'acc': [0.6546666666818044, 0.75492063492820372, 0.79092063492820375, 0.81600000001513773, 0.83606349206349206], 'loss': [0.89351230191049125, 0.65435754100860111, 0.5
5073114862896144, 0.48373435986042024, 0.42830411524999712], 'val_acc': [0.67999999986376081, 0.72114285775593345, 0.73771428639548164, 0.73085714353833875, 0.733714285
85052489], 'val_loss': [0.87975656032562255, 0.75556800249644684, 0.7171123429707118, 0.82946293122427805, 0.78477148846217559]} final=[0.73399694703420004, 0.752400000
0317892]


test 9
{'acc': [0.6545396825548202, 0.74761904761904763, 0.78596825396825398, 0.81060317460317455, 0.83847619048375932, 0.85485714287228054], 'loss': [0.89454722259536623, 0.6
6826349225119941, 0.56949137934427407, 0.49593147365630619, 0.43560623689681766, 0.38971648599609499], 'val_acc': [0.74285714299338201, 0.75142857210976732, 0.753142857
8240531, 0.75542857190540857, 0.74571428585052491, 0.73142857210976742], 'val_loss': [0.71655880764552526, 0.66571185687610079, 0.65643683753694804, 0.70244743374415808
, 0.71663733713967459, 0.76201908717836653]} final=[0.78102145430246994, 0.73413333339691167]

(5+11+8+5+4+6+6+10+5+6)/10
[0.75253333339691164,0.74693333333333334,0.75786666673024494,0.74320000006357834,0.75120000003178911,0.76119999999999999,0.74813333333333332,0.76480000000000004,0.7524000000317892,0.73413333339691167]

ASTROPH NOT FROZEN
test 0
{'acc': [0.6693968254119631, 0.77669841269841267, 0.82520634922148695, 0.85942857142857143, 0.8756190476341853, 0.88780952381709266, 0.89460317460317462], 'loss': [0.85
955235322316492, 0.59056869639290699, 0.46263509119881524, 0.37470025460682216, 0.33067390049828421, 0.28717632959759426, 0.26241405498508424], 'val_acc': [0.7531428574
1533549, 0.75828571496691022, 0.77942857176916935, 0.78228571496691024, 0.78285714299338205, 0.77714285782405312, 0.77371428585052493], 'val_loss': [0.66164003712790354
, 0.63850684223856247, 0.63178877721514015, 0.65098411021913805, 0.66763569106374465, 0.69806543527330667, 0.71910654575484134]}
final=[0.75383968811035151, 0.76813333336512246]

test 1
{'acc': [0.67060317460317465, 0.78190476191989955, 0.82736507938021708, 0.85701587303101068, 0.87511111112624884], 'loss': [0.85691750776200071, 0.5820435262407575, 0.4
6032562690311007, 0.37720468192251899, 0.3276581440198989], 'val_acc': [0.7422857145581927, 0.75371428585052491, 0.78228571442195349, 0.77314285782405312, 0.77428571496
691023], 'val_loss': [0.66825686625071934, 0.68819342143195017, 0.61430495085035053, 0.67752375684465682, 0.68819580772944855]}
final=[0.74250141735076902, 0.76453333336512252]


test 2
{'acc': [0.67365079365079361, 0.78133333334090216, 0.829206349213918, 0.86158730158730157, 0.87860317461831228, 0.89092063492063489], 'loss': [0.85290122110881506, 0.58
184833248077872, 0.45463359620836047, 0.37737891375072419, 0.31651417788437436, 0.28665642335395963], 'val_acc': [0.73314285741533547, 0.74971428557804654, 0.7434285718
3728894, 0.75942857149669107, 0.74971428557804654, 0.75257142898014617], 'val_loss': [0.71369038649967742, 0.6643212809562683, 0.69561730561937607, 0.70694623742784768,
 0.77352459335327151, 0.77396996307373045]} final=[0.73391349309285481, 0.76919999999999999]

test 3
{'acc': [0.67409523811037575, 0.77923809524566412, 0.82838095239609011, 0.86158730160243924, 0.87536507938021701, 0.88736507938021703], 'loss': [0.85021783032871423, 0.
57651093734256809, 0.45363296867552255, 0.37021173014716496, 0.3196868949012151, 0.29034271298136027], 'val_acc': [0.71428571455819267, 0.75828571401323586, 0.770285714
42195348, 0.77885714299338205, 0.76057142870766781, 0.76114285761969425], 'val_loss': [0.76067463152749193, 0.70343575109754286, 0.66417985684531078, 0.6879096798215593
7, 0.73388647706168042, 0.76887502847399025]} final=[0.75636425406138097, 0.76386666669845582]

test 4
{'acc': [0.67244444445958218, 0.78120634921391807, 0.82799999999999996, 0.85898412698412696, 0.87752380952380948, 0.88768253968253963], 'loss': [0.85598786535717197, 0.
57610592459497001, 0.45141674716888913, 0.37016788151150659, 0.32642029917807808, 0.28706799904505415], 'val_acc': [0.75028571496691021, 0.77428571442195349, 0.77771428
639548168, 0.78800000047683716, 0.78514285687037877, 0.7805714286395482], 'val_loss': [0.66298371778215681, 0.62781339243480139, 0.62122125550678797, 0.6197709358079093
2, 0.65195593541009089, 0.66968467174257551]} final=[0.71790941769282024, 0.77146666669845576]

test 5
{'acc': [0.67714285715799483, 0.78260317461074347, 0.82977777777777773, 0.85568253969010855, 0.87726984126984131, 0.88952380953894716, 0.89555555555555555], 'loss': [0.
84710501667809868, 0.58405362362331814, 0.45566195361197942, 0.38019183525963435, 0.32405054539678591, 0.28667703321623422, 0.26352251475954813], 'val_acc': [0.74628571
414947509, 0.7297142855099269, 0.77142857204164772, 0.77257142884390695, 0.77371428598676406, 0.76742857204164783, 0.76457142918450494], 'val_loss': [0.6477915021351405
8, 0.68765846388680596, 0.63026359449114122, 0.66207017353602815, 0.69331881584439958, 0.75748222936902732, 0.77883371366773335]}
final=[0.78123311217625935, 0.76280000000000003]

test 6
{'acc': [0.66088888889645769, 0.77549206350720123, 0.82546031747545512, 0.8543492063492063, 0.8759365079365079, 0.8877460317611694, 0.89453968255482019,
         0.89898412699926467, 0.9039365079516456], 'loss': [0.87127495123848087, 0.59077006803618537, 0.45757656459202845, 0.37940354570226065, 0.322616518227827, 0.28780127252851212, 0.264442
08285354431, 0.24584184784359403, 0.21904937890976195], 'val_acc': [0.74114285687037873, 0.77142857136045184, 0.77542857170104984, 0.7794285711560931, 0.785142857824053
13, 0.78628571401323588, 0.78628571496691024, 0.78399999972752166, 0.78514285727909638], 'val_loss': [0.68756928811754503, 0.619738354410444, 0.6392642740522112, 0.6544
6659735270907, 0.66534508562088013, 0.70306734023775375, 0.76762225382668636, 0.739967251096453, 0.79224201624734059]}
final=[0.83493220205307006, 0.76720000006357825]

test 7
{'acc': [0.66990476190476189, 0.78139682539682542, 0.82488888890402656, 0.86095238095238091, 0.87866666666666671, 0.89212698414212177, 0.89485714287228058], 'loss': [0.
85422669697564746, 0.57970746155579889, 0.45724987933749245, 0.37297853688115168, 0.31883853004293311, 0.28019817225138344, 0.25630495528190855], 'val_acc': [0.74400000
081743511, 0.74857142925262454, 0.73885714299338201, 0.7565714287076678, 0.76742857176916945, 0.75428571442195347, 0.75371428639548166], 'val_loss': [0.6848546867370605
1, 0.70877526215144571, 0.72097586887223375, 0.7270776318141392, 0.76319784239360267, 0.81877269097736904, 0.80547640480313987]}
final=[0.75341233946482344, 0.76533333333333331]

test 8
{'acc': [0.67066666666666663, 0.782158730166299, 0.82780952382466144, 0.86279365080878845], 'loss': [0.86145914135281998, 0.58313514156947055, 0.45344850128037589, 0.36
650099328207592], 'val_acc': [0.73428571414947508, 0.75542857224600657, 0.75371428598676404, 0.75200000040871762], 'val_loss': [0.68707720511300219, 0.64605693517412455
, 0.71889689138957436, 0.72451155594417027]} final=[0.71758153104782108, 0.7549333333969116]


test 9
{'acc': [0.67517460318217204, 0.78209523811037573, 0.83098412698412694, 0.85542857143614026, 0.87803174603174605, 0.89028571429328318], 'loss': [0.85453242177811883, 0.
58415524130018925, 0.45309365841699023, 0.38305502039288719, 0.31976606275448721, 0.28987918038973731], 'val_acc': [0.7199999997275216, 0.77428571455819262, 0.762285714
96691022, 0.7794285715648106, 0.76799999993188039, 0.76857142925262456], 'val_loss': [0.76850400297982358, 0.61731313194547377, 0.64668519360678534, 0.64584262779780799
, 0.68200949035372049, 0.66944779627663753]} final=[0.71025983085632327, 0.77080000003178917]

[7,5,6,6,6,7,9,7,8,10]
[0.76813333336512246,0.76453333336512252,0.76919999999999999,0.76386666669845582,0.77146666669845576,0.76280000,0.76720000006357825,0.76533333333333331,0.7549333333969116,0.77080000003178917]

ASTROPH FREEZE UNFREEZE
test 0
{'acc': [0.89841269842783611, 0.90907936509450271, 0.91149206349206346, 0.91447619049132811], 'loss': [0.26047845678102405, 0.23490241238049098, 0.22101216848312863, 0.
21221749171756563], 'val_acc': [0.7428571429252625, 0.74571428598676404, 0.74171428557804653, 0.73657142843518941], 'val_loss': [0.81838239445005145, 0.8801485637937273
, 0.88473828942435129, 0.91768339484078543]} final=[0.8849960742950439, 0.75280000006357828]

test 1
{'acc': [0.90380952380952384, 0.90952380953894718, 0.91149206349206346], 'loss': [0.24825113977988561, 0.22736748561405001, 0.2156650385636659], 'val_acc': [0.761142857
27909636, 0.75885714299338203, 0.75828571442195347], 'val_loss': [0.80662891626358035, 0.83524729933057518, 0.84702211236953739]} final=[0.84976856822967528, 0.75920000
006357824]

test 2
{'acc': [0.91295238095238096, 0.91676190477704245, 0.92025396825396821], 'loss': [0.2094770951242674, 0.19519703816232228, 0.18487182102683516], 'val_acc': [0.769142857
27909637, 0.76114285727909636, 0.76571428639548167], 'val_loss': [0.83237925842830118, 0.85238561194283624, 0.86234818853650774]} final=[0.91093233172098798, 0.76506666
666666667]

test 3
{'acc': [0.88596825398339163, 0.89523809524566411, 0.90292063492820374, 0.90603174604688375, 0.90831746033259797, 0.91117460318974086, 0.91479365080878849], 'loss': [0.
29500977406426082, 0.26326914302886478, 0.24077221813656036, 0.23080152514624216, 0.21905794198929318, 0.21306016326707508, 0.20734554152640086], 'val_acc': [0.76285714
312962127, 0.76800000027247839, 0.76685714312962128, 0.76857142884390695, 0.77028571455819261, 0.76057142884390694, 0.76914285761969425], 'val_loss': [0.752543591090611
09, 0.77204688044956749, 0.79292917142595565, 0.81187150219508575, 0.83311386517116004, 0.83228666114807126, 0.83361036191667826]} final=[0.83305426899592083, 0.7666666
6669845585]

test 4
{'acc': [0.91009523811037574, 0.91542857142857148, 0.92114285715799482, 0.91815873017386784, 0.92082539682539688], 'loss': [0.21737935585445828, 0.19772071907917657, 0.
1876948184948119, 0.18662239723735385, 0.17715423357238372], 'val_acc': [0.76171428605488367, 0.76171428585052492, 0.76285714299338203, 0.76000000013623914, 0.762285714
96691022], 'val_loss': [0.81799689292907718, 0.85568708818299433, 0.8801961610657828, 0.85715739297866822, 0.87786745997837612]} final=[0.93038537038167313, 0.764933333
33333335]

test 5
{'acc': [0.90552380952380951, 0.91574603174603175, 0.91282539684053454, 0.91663492063492058], 'loss': [0.23066958129216755, 0.20960507937272391, 0.20524607374554588, 0.
19358930132218768], 'val_acc': [0.76742857115609309, 0.76971428544180731, 0.76799999972752164, 0.76971428544180731], 'val_loss': [0.77633835765293668, 0.789649953024727
96, 0.8134710548945836, 0.8437097178867885]} final=[0.90767114486694334, 0.7617333333651225]

test 6
{'acc': [0.90647619047619044, 0.91384126984126979, 0.91473015873015873, 0.91644444444444439], 'loss': [0.23511287891107893, 0.21706828660908201, 0.20823559717952259, 0.
19848008141311863], 'val_acc': [0.75942857115609308, 0.76342857115609308, 0.75885714258466452, 0.76057142829895019], 'val_loss': [0.80081315926143104, 0.827309291090284
06, 0.85226457548141477, 0.87399066809245518]} final=[0.8837912987073262, 0.76373333333333338]

test 7
{'acc': [0.91244444444444439, 0.91447619049132811, 0.91726984126984124], 'loss': [0.22191352882082499, 0.20411924444115351, 0.19418622546784933], 'val_acc': [0.77428571
455819262, 0.77314285761969426, 0.77028571476255148], 'val_loss': [0.76604209280014035, 0.79688948256628855, 0.80486836011069163]} final=[0.87924544868469234, 0.7593333
333333333]

test 8
{'acc': [0.90038095238095239, 0.90622222222222226, 0.91034920636434402, 0.91574603176116942, 0.91593650793650794, 0.91758730159487045, 0.9151111111111111, 0.91555555557
069324, 0.92000000000000004, 0.91777777779291547, 0.92228571430085193, 0.92025396825396821, 0.91942857142857148], 'loss': [0.25487640294858388, 0.23146312491099039, 0.2
1975637534686498, 0.20641954075344024, 0.20263894277858355, 0.1945157381163703, 0.19681657752725812, 0.19310003140994481, 0.18698800001068722, 0.18685680911654517, 0.18
15677754746543, 0.18302165453254229, 0.18249651863177618], 'val_acc': [0.7691428574153355, 0.76971428598676406, 0.76742857170104983, 0.77028571476255148, 0.768000000272
47839, 0.7725714290482657, 0.77428571455819262, 0.77714285761969426, 0.77885714312962129, 0.7760000002724784, 0.78285714333398004, 0.77600000047683715, 0.78000000027247
84], 'val_loss': [0.71530216271536695, 0.74982011863163545, 0.77030114269256589, 0.76055019583020889, 0.79592059298924034, 0.77895333303724013, 0.79883670343671531, 0.7
9899163559504915, 0.80902276052747457, 0.8345977413994925, 0.81419553715842108, 0.80930884565625871, 0.81800723879677906]} final=[0.90472811781565343, 0.764533333365122
52]

test 9
{'acc': [0.90609523811037573, 0.91257142858656626, 0.91568253969010849], 'loss': [0.23661321901896643, 0.21223562194052198, 0.20305900149496775], 'val_acc': [0.77314285
727909637, 0.76971428639548167, 0.77257142891202657], 'val_loss': [0.77205430385044638, 0.79470859330041066, 0.81574345500128609]} final=[0.87913393154144293, 0.7608000
0000000003]

[7,8,7,8,9,6,7,9,6,7]
[0.75280000006357828,0.75920000006357824,0.76506666666666667,0.76666666669845585,0.76493333333333335,0.7617333333651225,0.76373333333333338,0.7593333333333333,0.76453333336512252,0.76080000000000003]
