CS FLASHFREEZE
test 0
{'acc': [0.79008139314783266, 0.80197488800555239, 0.81036658464256417], 'loss': [0.60623113703175635, 0.56818340957273827, 0.54319911693141198], 'val_acc': [0.68115568641884428, 0.68531468531468531, 0.68667648141332349], 'val_loss': [1.0242517654054253, 1.0215650180880533, 1.0325705446695026]}
final=[1.0325705446695026, 0.68667648141332349]

test 1
{'acc': [0.78785727806170736, 0.80064988327339259, 0.80705407281216479], 'loss': [0.61202308020348639, 0.57189153205619581, 0.54660372340240659], 'val_acc': [0.68034596981965401, 0.68395288921604713, 0.68336400441663603], 'val_loss': [1.0247325762212387, 1.0259843390984793, 1.032816919647116]}
final=[1.032816919647116, 0.68336400441663603]

test 2
{'acc': [0.7901287147454098, 0.80139125496876773, 0.81058741876459084], 'loss': [0.60599964406935758, 0.56538202587125641, 0.54073187366435416], 'val_acc': [0.67920500552079499, 0.68347442031652561, 0.68369525211630477], 'val_loss': [1.0288753737717109, 1.028217063772358, 1.0243478268001025]}
final=[1.0243478268001025, 0.68369525211630477]

test 3
{'acc': [0.78593286642690385, 0.80214840053000191, 0.80768502744652659], 'loss': [0.61432969268075044, 0.56971384854457818, 0.54684194884275261], 'val_acc': [0.67817445712182556, 0.68060360691939636, 0.6853882959146117], 'val_loss': [1.0206166676225406, 1.0239102342306887, 1.0249727012394192]}
final=[1.0249727012394192, 0.6853882959146117]

test 4
{'acc': [0.79187961385576378, 0.80260584263991419, 0.81035081077670512], 'loss': [0.60465080556826112, 0.56402893526425191, 0.54173539346098687], 'val_acc': [0.68093485461906511, 0.68549871181450128, 0.6866028708133971], 'val_loss': [1.0213685835070323, 1.0230514622849052, 1.0264431914073999]}
final=[1.0264431914073999, 0.6866028708133971]

test 5
{'acc': [0.78656382106126566, 0.80217994826172001, 0.80747996719035897], 'loss': [0.613086801160735, 0.56942538988237479, 0.54830485543615626], 'val_acc': [0.67891056312108944, 0.68435774751564227, 0.68446816341553185], 'val_loss': [1.0314702898823342, 1.0325753356632081, 1.0347726219096165]}
final=[1.0347726219096165, 0.68446816341553185]

test 6
{'acc': [0.7869739415736009, 0.80140702883462678, 0.80722758533661432], 'loss': [0.61015040436507506, 0.56583689772313273, 0.54501590599943561], 'val_acc': [0.67754876702245126, 0.6810084652189915, 0.68284873021715131], 'val_loss': [1.0338824886498226, 1.0357020014912757, 1.0322818299887766]}
final=[1.0322818299887766, 0.68284873021715131]

test 7
{'acc': [0.78863019748880059, 0.8012492901760363, 0.81036658464256417], 'loss': [0.6105490042603845, 0.56903081225990848, 0.54436612102603887], 'val_acc': [0.67784320942215681, 0.68321678321678325, 0.68306956201693048], 'val_loss': [1.0262834846337228, 1.0231915395137883, 1.0307866536653958]}
final=[1.0307866536653958, 0.68306956201693048]

test 8
{'acc': [0.78905609186699477, 0.80172250615180773, 0.81006688119124237], 'loss': [0.6055122185666536, 0.56710751147381222, 0.5421577830579094], 'val_acc': [0.6815973500184026, 0.68553551711446448, 0.68800147221199848], 'val_loss': [1.019443082519871, 1.0313144771018183, 1.0260638467125651]}
final=[1.0260638467125651, 0.68800147221199848]

test 9
{'acc': [0.78992365448924218, 0.8002870843586346, 0.81055587103287274], 'loss': [0.6104516390182444, 0.57216237949959459, 0.54690078597195446], 'val_acc': [0.67736474052263529, 0.67931542142068457, 0.68358483621641519], 'val_loss': [1.0286485816171427, 1.0323719127567805, 1.028682722574128]}
final=[1.028682722574128, 0.68358483621641519]

[0.68667648141332349 , 0.68336400441663603,  0.68369525211630477,0.6853882959146117,0.6866028708133971,0.68446816341553185,0.68284873021715131,0.68306956201693048,0.68800147221199848,0.68358483621641519]

CS FROZEN
test 0
{'acc': [0.49142947279865395, 0.58715998317442508, 0.62762899607403255, 0.65474270891755471, 0.67377664049355024, 0.69049705552439711, 0.7053771733034212, 0.71662927650028041, 0.72704010095344929], 'loss': [1.5881151766571113, 1.2611075326156831, 1.127325953089382, 1.0305884149358036, 0.96268831353072559, 0.90410128931148759, 0.85612708096148527, 0.82014005040761395, 0.78326766113518198], 'val_acc': [0.56403785488958991, 0.58154574132492109, 0.6017350157728707, 0.61498422712933754, 0.62145110410094639, 0.63186119873817037, 0.64132492113564665, 0.63848580441640379, 0.63801261829653], 'val_loss': [1.3438945041469972, 1.2744496898320195, 1.2040557072365698, 1.1852011855092335, 1.1723973660815026, 1.1790520886893527, 1.1685285094408582, 1.191244616267809, 1.2021199974727932]} final=[1.1846036574750163, 0.63945528156054476]

test 1
{'acc': [0.49561833987661247, 0.58973639932697697, 0.62854038137969714, 0.65602215367358385, 0.67566951766685357, 0.69519419517666858, 0.70961862030286038, 0.71613853056646104, 0.72858244531688166, 0.73685501962983735, 0.74348008973639934, 0.752103196859226, 0.7552579921480651, 0.76032319125070102, 0.76389862591138535, 0.76850813236118898, 0.77439708356702186], 'loss': [1.5789179532834137, 1.2492956114630984, 1.1184426835595525, 1.0235399933792002, 0.95397960648266578, 0.89599897909284776, 0.84855877915193578, 0.81466130819537297, 0.78190304043917458, 0.75623397219067401, 0.73044695884440636, 0.70415174734605812, 0.69543099661623564, 0.67353976748996547, 0.66033580436241202, 0.65161936110448648, 0.63375999275814332], 'val_acc': [0.56198738170347007, 0.59621451104100942, 0.60488958990536279, 0.61403785488958995, 0.6182965299684543, 0.62208201892744475, 0.63690851735015774, 0.63280757097791795, 0.63974763406940061, 0.63454258675078867, 0.64132492113564665, 0.63454258675078867, 0.64810725552050474, 0.64763406940063095, 0.65031545741324925, 0.64353312302839116, 0.64684542586750793], 'val_loss': [1.3397606540553577, 1.2464638525755247, 1.2109960898803989, 1.1880064611555274, 1.2320678643247682, 1.2086852493816369, 1.1680068097374041, 1.2053367873800667, 1.1875811819962523, 1.2317485711410971, 1.2026170017591411, 1.2375799606557147, 1.2125806473219056, 1.2216097500328009, 1.2017063947130078, 1.2692477231146033, 1.2705728984076519]} final=[1.2440676396060701, 0.65237394184762609]

test 2
{'acc': [0.49607403252944476, 0.59034983174425126, 0.62428140773976448, 0.65044868199663486, 0.67370653393157598, 0.69072490185081326, 0.70595555243970831, 0.71520961862030286, 0.72512969713965225, 0.73531267526640498], 'loss': [1.5846696823618083, 1.2535141541659665, 1.1279293706225868, 1.0310398952819226, 0.96043142497506095, 0.90404763216057726, 0.85555750639734141, 0.81666158262558752, 0.7885675098845214, 0.76031278972203187], 'val_acc': [0.56388012618296535, 0.58596214511041012, 0.61482649842271297, 0.62003154574132491, 0.62712933753943223, 0.63328075709779175, 0.64369085173501572, 0.64858044164037854, 0.64511041009463721, 0.63611987381703472], 'val_loss': [1.329377781592709, 1.2381361777662103, 1.1684145961462136, 1.1473247302067393, 1.1521345910025695, 1.1390826808917409, 1.1405853691537298, 1.1336636314256709, 1.162939487082725, 1.1877882586903752]} final=[1.1949164129944465, 0.64365108575634888]

test 3
{'acc': [0.49405846887268651, 0.58935081323611893, 0.62671761076836796, 0.65477776219854178, 0.67470555243970831, 0.69224971957375214, 0.70644629837352779, 0.71662927650028041], 'loss': [1.5832535011074347, 1.2576469441711802, 1.1288600904314423, 1.0321878718982167, 0.96326539884841111, 0.90117194725433492, 0.8535258772830514, 0.82002175554624779], 'val_acc': [0.56025236593059935, 0.59085173501577282, 0.6182965299684543, 0.61987381703470035, 0.61987381703470035, 0.63738170347003154, 0.63249211356466872, 0.6353312302839117], 'val_loss': [1.3461817178816449, 1.2651112630916319, 1.173006992686058, 1.1681768303037818, 1.1659633729736136, 1.1537143830621279, 1.1723887946703457, 1.1673158040182072]} final=[1.1576984721420001, 0.64133235185866766]

test 4
{'acc': [0.49540802019068986, 0.58833426808749301, 0.62999509254066177, 0.657459338194055, 0.67812324733595064, 0.69433538979248455, 0.70872476163768927, 0.71988923163208074, 0.73145681435782384, 0.73811693774537301, 0.74465437464946715, 0.75369812114413914, 0.75510025238362311], 'loss': [1.5792357453254255, 1.2516512751445568, 1.1176205408987676, 1.0191070124699169, 0.94951053422552378, 0.89536480198599155, 0.84710678742363821, 0.80896960393605577, 0.76867849837343005, 0.75048124522756343, 0.72570627396252474, 0.69973297290132075, 0.69107990912921768], 'val_acc': [0.54700315457413251, 0.60205047318611993, 0.60867507886435335, 0.62981072555205042, 0.61435331230283907, 0.64085173501577286, 0.64274447949526814, 0.64416403785488963, 0.64511041009463721, 0.64321766561514193, 0.65552050473186119, 0.65031545741324925, 0.65110410094637228], 'val_loss': [1.370987767375982, 1.2142647762779935, 1.1683955986040999, 1.1503630834046974, 1.1748871127889735, 1.1361120544397492, 1.1322439536687328, 1.1319648365117021, 1.1738407511064306, 1.1789265595776051, 1.1508794932711388, 1.1801004970863413, 1.2105927717798515]} final=[1.2210898885316255, 0.64442399705557596]

test 5
{'acc': [0.49489974761637689, 0.59217260235558045, 0.62855790802019074, 0.65646031968592256, 0.67805314077397649, 0.69310852495793607, 0.70776079641054401, 0.718907739764442, 0.72893297812675262, 0.73962422882781831], 'loss': [1.5825883284486952, 1.2458255216437515, 1.1147635679063139, 1.0181576467870797, 0.94978582116906318, 0.89224389019937778, 0.84591082450518496, 0.80869591102396843, 0.77746389964224583, 0.74448948582102592], 'val_acc': [0.56798107255520502, 0.60031545741324921, 0.60804416403785488, 0.62886435331230284, 0.6263406940063091, 0.63690851735015774, 0.645583596214511, 0.65094637223974761, 0.64731861198738172, 0.63517350157728703], 'val_loss': [1.3382648447334577, 1.2512135648576994, 1.1929266042137747, 1.1672617906275609, 1.1690822777311884, 1.153568078892464, 1.1606428987220259, 1.1646685373143819, 1.1892432253443481, 1.2396279468897389]} final=[1.2031634271430056, 0.63673168936326829]

test 6
{'acc': [0.497739063376332, 0.59241797532249019, 0.62703309029725185, 0.65351584408300611, 0.67630047672462146, 0.69526430173864273, 0.7086897083567022, 0.71689217610768363], 'loss': [1.5770129392605716, 1.2527929504333557, 1.1220958149306104, 1.0269733678238218, 0.95653579715457582, 0.89714330688862742, 0.84833326380839857, 0.81653715472039523], 'val_acc': [0.5725552050473186, 0.58911671924290221, 0.6039432176656151, 0.626813880126183, 0.62776025236593058, 0.63264984227129339, 0.63249211356466872, 0.62712933753943223], 'val_loss': [1.3417124768160871, 1.2579306165878705, 1.2295613535571173, 1.1735575823189708, 1.1728314969065814, 1.1536430947600103, 1.1763573447424531, 1.2047405984217436]} final=[1.1747366412755624, 0.63433934486566068]

test 7
{'acc': [0.49295429052159284, 0.59073541783510941, 0.62885586090858103, 0.65498808188446433, 0.6735312675266405, 0.69382711721817159, 0.70835670218732472, 0.71719012899607404, 0.73007220975883347, 0.73522504206393724, 0.74360277621985416, 0.7493865675827257, 0.75504767246214244, 0.75701065619742003, 0.7660719293325855, 0.76985768367919238, 0.76934941110487942, 0.77707865956253508, 0.77962002243409978, 0.77919938306225467, 0.78521102075154237], 'loss': [1.5848267480555507, 1.2538765700626961, 1.1235317721068692, 1.0284188833553605, 0.95750486852409999, 0.89508340215656235, 0.84838235007198892, 0.81436688968189896, 0.77729902258095818, 0.75694632199261203, 0.72518907056988724, 0.70754518942824929, 0.69527941648036129, 0.68072401474381994, 0.66036235310024449, 0.64900441862229075, 0.64303149297975515, 0.62498912633100523, 0.61707005489761746, 0.61463224689778628, 0.60339338365426176], 'val_acc': [0.56861198738170349, 0.60110410094637223, 0.61340694006309149, 0.61940063091482644, 0.63422712933753944, 0.64179810725552056, 0.63233438485804416, 0.64716088328075705, 0.64700315457413249, 0.64794952681388007, 0.64905362776025233, 0.64842271293375398, 0.65599369085173498, 0.65000000000000002, 0.656782334384858, 0.65709779179810723, 0.66151419558359625, 0.66182965299684537, 0.66277602523659307, 0.65615141955835965, 0.65788643533123026], 'val_loss': [1.3211691742063696, 1.2159122147394656, 1.1801289066531304, 1.1509757823372488, 1.1404904786344583, 1.1402022593028913, 1.173216508766078, 1.1313715658729384, 1.1511143216575357, 1.1754942985739241, 1.1637053646123747, 1.1591424957058782, 1.1682147152416338, 1.1990943804148244, 1.1947898144225593, 1.2136673673846368, 1.1891158752636954, 1.1921101592692667, 1.2275026121350117, 1.2316828502089443, 1.2618043187664887]} final=[1.2807758709679731, 0.65465587044534412]

test 8
{'acc': [0.49596887268648343, 0.58893017386427371, 0.62896102075154237, 0.65297251822770608, 0.67554683118339875, 0.69535193494111047, 0.70546480650588894, 0.71712002243409978, 0.72795148625911388, 0.73496214245653391, 0.7432347167694896, 0.75150729108244529, 0.75562605159842966, 0.76149747616376895, 0.7639687324733595, 0.76698331463825009], 'loss': [1.5849332056617844, 1.2569257567521233, 1.1236954829161983, 1.0282957953512166, 0.95935114785251629, 0.89617004748214446, 0.85444254580669965, 0.82024512453755838, 0.78483958335920323, 0.75999217336256719, 0.73251030920465143, 0.71051237277949852, 0.69683147577409055, 0.67693433026818162, 0.67296289519286201, 0.65311314991298719], 'val_acc': [0.55946372239747633, 0.58564668769716088, 0.59905362776025239, 0.61356466876971605, 0.62791798107255525, 0.63201892744479493, 0.6263406940063091, 0.63911671924290225, 0.64085173501577286, 0.63596214511041005, 0.64873817034700321, 0.649211356466877, 0.6482649842271293, 0.6514195583596214, 0.64889589905362777, 0.65110410094637228], 'val_loss': [1.3655770613192009, 1.2557800963473997, 1.2298785414605486, 1.1898732547692319, 1.165988631316164, 1.185572966660611, 1.1832036359453051, 1.1579671063257693, 1.1876168147998654, 1.1979168382352836, 1.1919026252975222, 1.2193730686365243, 1.2010423815400819, 1.2282675132108412, 1.2196511432951558, 1.2344673043169809]} final=[1.2203518812209753, 0.65734265734265729]

test 9
{'acc': [0.49474200785193495, 0.58789610207515419, 0.62594643858665167, 0.65397153673583852, 0.67549425126191809, 0.69289820527201351, 0.70716489063376331, 0.71862731351654519], 'loss': [1.5795821925594911, 1.2604565389759408, 1.1227445808175034, 1.0278615118644241, 0.95419940940797565, 0.89874397397910488, 0.85402419611569269, 0.81803186424181029], 'val_acc': [0.56845425867507882, 0.60063091482649844, 0.62145110410094639, 0.6263406940063091, 0.64132492113564665, 0.6429022082018927, 0.63722397476340698, 0.64100946372239742], 'val_loss': [1.3116551180367213, 1.1960223149802029, 1.1423941973256011, 1.1403026861723289, 1.0985720052328019, 1.0989971079660892, 1.1166201904369077, 1.1251944295239373]} final=[1.1631358168078645, 0.63949208686050796]

CS NOT FROZEN
test 0
{'acc': [0.52409913067863156, 0.64811763881099271, 0.70698962422882783, 0.75036805945036456, 0.77919938306225467, 0.80459548513740886, 0.82021172181716206, 0.8365465507
571509, 0.842540661805945, 0.84949873808188447, 0.85729809310151428, 0.86064568143578235, 0.86732333146382501], 'loss': [1.4765374687904063, 1.0582997217247878, 0.87078
47509802692, 0.73446044538105326, 0.63564951828170613, 0.55886111794163917, 0.51092235928696994, 0.46691152094474214, 0.44281045639959532, 0.4220337014033162, 0.3953743
2096560082, 0.38598727524924065, 0.36606570963804735], 'val_acc': [0.60362776025236597, 0.6370662460567823, 0.65000000000000002, 0.66876971608832803, 0.6768138801261829
3, 0.67965299684542591, 0.67870662460567821, 0.68075709779179816, 0.67933753943217667, 0.68485804416403784, 0.68848580441640383, 0.68264984227129333, 0.6799684542586750
3], 'val_loss': [1.2031914835096533, 1.0960557515688876, 1.0750279623627286, 1.0656714835001466, 1.0798680422809974, 1.1368425274496952, 1.1561202368149621, 1.180492319
5944224, 1.2447608112912825, 1.2460502412416958, 1.2412062376455553, 1.3017926037875636, 1.3110712801244357]} final=[1.3148248745055158, 0.68638203901361794]

test 1
{'acc': [0.52380117779024116, 0.64745162647223775, 0.70565759955131802, 0.74931646102075156, 0.77977776219854178, 0.80233454851374086, 0.82049214806505888, 0.8333216489
0633764, 0.84220765563656763, 0.84981421761076836, 0.8548618900729108, 0.86085600112170502], 'loss': [1.4784523439888733, 1.0595109552328865, 0.86933280145660652, 0.732
47327874098611, 0.63569871023238811, 0.56787751634269368, 0.51068575299160568, 0.47038792631579995, 0.44226189748296829, 0.41802582486135131, 0.40430753157838167, 0.383
23360697412784], 'val_acc': [0.62602523659305997, 0.65583596214511042, 0.667981072555205, 0.67870662460567821, 0.69353312302839121, 0.68832807570977916, 0.6955835962145
1105, 0.70173501577287067, 0.69526813880126181, 0.70662460567823349, 0.69921135646687693, 0.70220820189274447], 'val_loss': [1.1673449744185438, 1.0614448732570143, 1.0
44876257327829, 1.0636063716765083, 1.0750981971292466, 1.0850932321713926, 1.1008968661636209, 1.1690640500291289, 1.2074710442440744, 1.2134469055226924, 1.2688771761
366247, 1.2340863231416757]} final=[1.2737460848247035, 0.68733897681266098]

test 2
{'acc': [0.52189077397644423, 0.64399887829500846, 0.70472868760515983, 0.75110417835109367, 0.78117989343802585, 0.80335109366236679, 0.82098289399887825, 0.8320246775
098149, 0.84304893438025796, 0.85221536735838477], 'loss': [1.4810161638380233, 1.0619107384696411, 0.86986817724572363, 0.73110857635184878, 0.63440731301510933, 0.562
65662686582774, 0.50927995907511525, 0.47441059353056747, 0.440368707738378, 0.41482929066784652], 'val_acc': [0.60126182965299679, 0.63028391167192432, 0.6484227129337
5398, 0.67050473186119874, 0.67949526813880123, 0.68091482649842272, 0.68485804416403784, 0.690378548895899, 0.68927444794952686, 0.68880126182965296], 'val_loss': [1.2
103921568356102, 1.1166164004088199, 1.081345548313875, 1.0675658275652382, 1.0952644953592343, 1.1339822043379775, 1.1380879280318974, 1.1642026096864453, 1.2311962472
903615, 1.2307674836661162]} final=[1.2332633318688706, 0.68571954361428045]

test 3
{'acc': [0.52504556926528323, 0.64568143578238923, 0.70560501962983735, 0.74803701626472241, 0.78133763320246774, 0.80103757711721812, 0.81979108244531684, 0.8311483454
8513739, 0.84061273135165449, 0.85133903533370725, 0.85586090858104313, 0.86004977565900165], 'loss': [1.4825112976455581, 1.0681734417037088, 0.87589802303410491, 0.73
658282555894639, 0.63272153365097217, 0.56764977109011006, 0.5113427987927075, 0.47328138977824069, 0.44316646086905553, 0.41665317252303402, 0.40033540558393793, 0.387
75698896194533], 'val_acc': [0.61987381703470035, 0.64353312302839116, 0.66608832807570983, 0.67097791798107254, 0.69022082018927444, 0.68958990536277598, 0.69463722397
476335, 0.69621451104100951, 0.69085173501577291, 0.69747634069400632, 0.69369085173501577, 0.69700315457413253], 'val_loss': [1.1611108764865046, 1.0781576153607775, 1
.0376067005873479, 1.0476820236500881, 1.0527097179686609, 1.0947043209045844, 1.1119402836549921, 1.1633625009458524, 1.1752345242710895, 1.1757216400152501, 1.2366461
440967838, 1.2312665715202549]} final=[1.270298672477068, 0.68932646301067357]

test 4
{'acc': [0.52434450364554119, 0.64613712843522153, 0.70479879416713409, 0.74901850813236115, 0.78177579921480655, 0.80550687044307345, 0.82226233875490751, 0.8329535894
5597309, 0.84587072349971959, 0.85025238362310718, 0.85785894559730791, 0.86369531688166012, 0.86656968592260231], 'loss': [1.4768765009459124, 1.0633660050436011, 0.87
381655285349069, 0.72968356561206127, 0.6300719808191646, 0.55773361379085329, 0.50375419949555889, 0.46919041066375666, 0.43718379933180196, 0.41842185854661085, 0.394
68524719949394, 0.37991450480026134, 0.36852525750021553], 'val_acc': [0.59999999999999998, 0.63186119873817037, 0.6630914826498423, 0.66009463722397477, 0.672555205047
31858, 0.67555205047318612, 0.68501577287066251, 0.68517350157728707, 0.68675078864353312, 0.68201892744479498, 0.69006309148264988, 0.68406940063091481, 0.684069400630
91481], 'val_loss': [1.2125163409236102, 1.1232556052012399, 1.0395329705548211, 1.0981159771278453, 1.0916551973541453, 1.1708946476223341, 1.1709804030999025, 1.21615
76632069488, 1.2290566897166639, 1.2578565586252544, 1.2766276603241449, 1.3108694404833701, 1.3411561799726275]} final=[1.3044919115416829, 0.68844313581155692]

test 5
{'acc': [0.5262899607403253, 0.64876612450925408, 0.70281828379136291, 0.75070106561974204, 0.7806540942232193, 0.80510375771172182, 0.82061483454851369, 0.831884464385
8665, 0.84301388109927089, 0.84921831183398766, 0.85615886146943354], 'loss': [1.483159584405378, 1.0620748973668324, 0.87387975796313344, 0.73007398746819963, 0.633951
27500300319, 0.56117883372260025, 0.50856787637001466, 0.47388658293565206, 0.43767591425861729, 0.41847001342494639, 0.39679556723999565], 'val_acc': [0.60141955835962
146, 0.65015772870662458, 0.66167192429022081, 0.67208201892744479, 0.68359621451104102, 0.68123028391167195, 0.68801261829652993, 0.68706624605678235, 0.69684542586750
786, 0.69148264984227126, 0.68580441640378553], 'val_loss': [1.215015964703605, 1.10073999982527, 1.059246214030293, 1.0833070450400704, 1.0697713969257727, 1.160562742
2829157, 1.1530993474394742, 1.1829307486582255, 1.190318090419288, 1.2723512012781781, 1.2756200462109659]} final=[1.2903457187075014, 0.68045638571954359]

test 6
{'acc': [0.52110207515423446, 0.6460319685922602, 0.70348429613011776, 0.74914119461581608, 0.77991797532249019, 0.80417484576556364], 'loss': [1.485702760120623, 1.066
3590621426744, 0.87254172851045819, 0.73447776704073886, 0.63398229811743811, 0.56322854745608664], 'val_acc': [0.60694006309148263, 0.64305993690851737, 0.671766561514
19556, 0.69164037854889593, 0.68470031545741328, 0.68990536277602521], 'val_loss': [1.1961642254038187, 1.0925244376486407, 1.0081487235962781, 1.0106628433386986, 1.04
81777254339273, 1.0721376251347057]} final=[1.1411902450664015, 0.68086124401913872]

test 7
{'acc': [0.52588684800897367, 0.6496424565339316, 0.70737521031968598, 0.7495618339876613, 0.78242428491306781, 0.80273766124509249, 0.82224481211441391, 0.833409282108
80538, 0.84506449803701622, 0.85137408861469432, 0.85689498037016265, 0.86110137408861465], 'loss': [1.4797829502563562, 1.0594499992374884, 0.8678033673990595, 0.73155
007454965204, 0.630309408416724, 0.56108383464967004, 0.50794960840057268, 0.47204860117217495, 0.43869584806752354, 0.41567755881247731, 0.39648469680407311, 0.3822708
1283158088], 'val_acc': [0.58738170347003149, 0.6402208201892744, 0.6518927444794953, 0.66135646687697158, 0.67239747634069402, 0.67712933753943216, 0.68044164037854893
, 0.68059936908517349, 0.67870662460567821, 0.68201892744479498, 0.67618296529968458, 0.67996845425867503], 'val_loss': [1.2611930040154924, 1.0920116202688368, 1.08697
2454932962, 1.0822595489513986, 1.1058120398491338, 1.1111370436400645, 1.1638491358290712, 1.2440979423959173, 1.2380174909856416, 1.268652413808961, 1.297499925104977
7, 1.3360071874191333]} final=[1.2988335002991132, 0.68590357011409642]

test 8
{'acc': [0.52497546270330908, 0.6449803701626472, 0.70535964666292761, 0.74761637689287719, 0.77993550196298378, 0.80293045429052157, 0.81903743690409425, 0.83148135165
451487, 0.84115605720695452], 'loss': [1.4810846879184079, 1.0691366546353263, 0.87391487074847707, 0.73490987754041937, 0.63577590002748852, 0.56069499014370638, 0.516
56438513077585, 0.47422346931141007, 0.44422805354007494], 'val_acc': [0.61924290220820188, 0.64668769716088326, 0.65662460567823344, 0.67933753943217667, 0.68611987381
703465, 0.69432176656151423, 0.6993690851735016, 0.69700315457413253, 0.6966876971608833], 'val_loss': [1.1744411393294951, 1.0836564653679399, 1.0405421508599531, 1.02
11583365777313, 1.0513403908311381, 1.0749209827617139, 1.0965437847733122, 1.1547126156486547, 1.124082041012376]} final=[1.1768267523888107, 0.68906882591093122]

test 9
{'acc': [0.52590437464946715, 0.64703098710039264, 0.70590297251822776, 0.74994742007851933, 0.77844573752103197, 0.80450785193494112, 0.82049214806505888, 0.8317091979
8093101, 0.84054262478968034, 0.85207515423443636, 0.85763109927089176, 0.86097868760515983, 0.86558819405496357], 'loss': [1.4783015847206116, 1.0655649787277837, 0.86
660130063737306, 0.72957499578503227, 0.63497106389957936, 0.55711550139772448, 0.50797304831156886, 0.47328691265587047, 0.4437738840190868, 0.41580234429121554, 0.396
2807785750973, 0.38274815491809649, 0.36964879112670213], 'val_acc': [0.60205047318611993, 0.63801261829653, 0.65047318611987381, 0.66324921135646686, 0.665141955835962
14, 0.67665615141955837, 0.67854889589905365, 0.679179810725552, 0.68659305993690856, 0.68564668769716086, 0.68675078864353312, 0.68312302839116723, 0.6818611987381703]
, 'val_loss': [1.2070005383777318, 1.1036321329017542, 1.0761890834062258, 1.0819547585884479, 1.1283099075973222, 1.1504865116219416, 1.1640687463787451, 1.20029228500
76332, 1.2223559516837543, 1.2431192088954457, 1.2749584378128171, 1.2965429726365236, 1.3056714130688918]} final=[1.2955619741196926, 0.68686050791313946]


CS FREEZE UNFREEZE
test 0
{'acc': [0.81465577678070666, 0.82771312394840157, 0.83179683118339875, 0.8402972518227706, 0.84425827257431296, 0.84867498597868762, 0.84998948401570384, 0.85447630398205277], 'loss': [0.52070499122543945, 0.47946287567904339, 0.4620052883532097, 0.44027448091206761, 0.42767682152555286, 0.42093327408734826, 0.40778911107471, 0.39303854792741866], 'val_acc': [0.66671924290220819, 0.67034700315457418, 0.67365930599369084, 0.67208201892744479, 0.67555205047318612, 0.67570977917981068, 0.67460567823343853, 0.67507886435331232], 'val_loss': [1.2212153996202848, 1.2206351220043676, 1.2269533041899889, 1.2341597925225267, 1.2348096164243079, 1.2383913960366595, 1.2518641482016266, 1.2599225111940306]}
test 0
{'acc': [0.81465577678070666, 0.82771312394840157, 0.83179683118339875, 0.8402972518227706, 0.84425827257431296, 0.84867498597868762, 0.84998948401570384, 0.85447630398205277], 'loss': [0.52070499122543945, 0.47946287567904339, 0.4620052883532097, 0.44027448091206761, 0.42767682152555286, 0.42093327408734826, 0.40778911107471, 0.39303854792741866], 'val_acc': [0.66671924290220819, 0.67034700315457418, 0.67365930599369084, 0.67208201892744479, 0.67555205047318612, 0.67570977917981068, 0.67460567823343853, 0.67507886435331232], 'val_loss': [1.2212153996202848, 1.2206351220043676, 1.2269533041899889, 1.2341597925225267, 1.2348096164243079, 1.2383913960366595, 1.2518641482016266, 1.2599225111940306]} final=[1.2744529777824505, 0.67519322782480673]

test 1
{'acc': [0.79038137969713962, 0.80496354458777342, 0.81591769489624233, 0.82354178351093665, 0.8281337633202468, 0.83253295008412787, 0.83568774537296686, 0.84080552439708356, 0.84611609646662933, 0.85018227706113292, 0.85326696578799777, 0.8554753224901851], 'loss': [0.58916949959230502, 0.543370131355153, 0.51373328844349642, 0.49315293246918829, 0.47716430070289251, 0.46102372719475343, 0.44927792938084532, 0.43502521138811673, 0.422615660048407, 0.4107564084704044, 0.40115242536256507, 0.39357340711091116], 'val_acc': [0.66876971608832803, 0.66908517350157726, 0.67712933753943216, 0.6774447949526814, 0.67965299684542591, 0.68296529968454256, 0.68312302839116723, 0.68627760252365932, 0.68359621451104102, 0.68722397476340691, 0.68675078864353312, 0.68485804416403784], 'val_loss': [1.1738699450477816, 1.1801649745142422, 1.1780265088713131, 1.1787559473176108, 1.1876912896189404, 1.1850070470139056, 1.1964569992917569, 1.2080218064390147, 1.207340403855411, 1.2166359319389806, 1.2226527038620849, 1.2336781151005147]}
test 1
{'acc': [0.79038137969713962, 0.80496354458777342, 0.81591769489624233, 0.82354178351093665, 0.8281337633202468, 0.83253295008412787, 0.83568774537296686, 0.84080552439708356, 0.84611609646662933, 0.85018227706113292, 0.85326696578799777, 0.8554753224901851], 'loss': [0.58916949959230502, 0.543370131355153, 0.51373328844349642, 0.49315293246918829, 0.47716430070289251, 0.46102372719475343, 0.44927792938084532, 0.43502521138811673, 0.422615660048407, 0.4107564084704044, 0.40115242536256507, 0.39357340711091116], 'val_acc': [0.66876971608832803, 0.66908517350157726, 0.67712933753943216, 0.6774447949526814, 0.67965299684542591, 0.68296529968454256, 0.68312302839116723, 0.68627760252365932, 0.68359621451104102, 0.68722397476340691, 0.68675078864353312, 0.68485804416403784], 'val_loss': [1.1738699450477816, 1.1801649745142422, 1.1780265088713131, 1.1787559473176108, 1.1876912896189404, 1.1850070470139056, 1.1964569992917569, 1.2080218064390147, 1.207340403855411, 1.2166359319389806, 1.2226527038620849, 1.2336781151005147]} final=[1.2382940829568019, 0.6823334560176666]

test 2
{'acc': [0.81696929332585533, 0.82893998878295005, 0.83595064498037019, 0.8390879136287156, 0.84559029725182278, 0.85069054963544588, 0.8538102916432978, 0.85717540661805947, 0.85782389231632084, 0.86253855860908579, 0.8626787717330342, 0.86479949523275379], 'loss': [0.50817561091095698, 0.47548094693523274, 0.45245769646267375, 0.43868151172552627, 0.42174039939883312, 0.406034263708554, 0.40066344456029485, 0.39028012577446403, 0.38309325181695764, 0.37022193981333523, 0.36735719904529202, 0.36003310916568215], 'val_acc': [0.66151419558359625, 0.66545741324921137, 0.66687697160883286, 0.67003154574132495, 0.67097791798107254, 0.6742902208201893, 0.67476340694006309, 0.6769716088328076, 0.67634069400630914, 0.68059936908517349, 0.67870662460567821, 0.6774447949526814], 'val_loss': [1.242797921696672, 1.2518524934816813, 1.2536628151541629, 1.2528782403807535, 1.2606329285383977, 1.2733197279156947, 1.2747497740604148, 1.2797908194809682, 1.2782052462785403, 1.2838269469865866, 1.2938999747628293, 1.2988830452837778]}
test 2
{'acc': [0.81696929332585533, 0.82893998878295005, 0.83595064498037019, 0.8390879136287156, 0.84559029725182278, 0.85069054963544588, 0.8538102916432978, 0.85717540661805947, 0.85782389231632084, 0.86253855860908579, 0.8626787717330342, 0.86479949523275379], 'loss': [0.50817561091095698, 0.47548094693523274, 0.45245769646267375, 0.43868151172552627, 0.42174039939883312, 0.406034263708554, 0.40066344456029485, 0.39028012577446403, 0.38309325181695764, 0.37022193981333523, 0.36735719904529202, 0.36003310916568215], 'val_acc': [0.66151419558359625, 0.66545741324921137, 0.66687697160883286, 0.67003154574132495, 0.67097791798107254, 0.6742902208201893, 0.67476340694006309, 0.6769716088328076, 0.67634069400630914, 0.68059936908517349, 0.67870662460567821, 0.6774447949526814], 'val_loss': [1.242797921696672, 1.2518524934816813, 1.2536628151541629, 1.2528782403807535, 1.2606329285383977, 1.2733197279156947, 1.2747497740604148, 1.2797908194809682, 1.2782052462785403, 1.2838269469865866, 1.2938999747628293, 1.2988830452837778]} final=[1.3004175827439146, 0.67920500552079499]

test 3
{'acc': [0.80179122265844083, 0.81521662927650029, 0.82431295569265284, 0.83025448681996639, 0.83701977005047667, 0.84033230510375767, 0.84516965787997755, 0.84899046550757151, 0.85202257431295569], 'loss': [0.55614526078430915, 0.51062878101345399, 0.48881472277795074, 0.46979623048478009, 0.4527871851598822, 0.43692117025610844, 0.42445050618301533, 0.41662991321444576, 0.40538726491718835], 'val_acc': [0.66482649842271291, 0.67082018927444798, 0.66971608832807572, 0.67523659305993688, 0.67618296529968458, 0.67933753943217667, 0.68091482649842272, 0.68044164037854893, 0.679179810725552], 'val_loss': [1.1798086234071654, 1.1834900085106257, 1.189795693839762, 1.1916646643015865, 1.2006697004149764, 1.1970005999604234, 1.2115079222417404, 1.2118993560598477, 1.2245875098351799]}
test 3
{'acc': [0.80179122265844083, 0.81521662927650029, 0.82431295569265284, 0.83025448681996639, 0.83701977005047667, 0.84033230510375767, 0.84516965787997755, 0.84899046550757151, 0.85202257431295569], 'loss': [0.55614526078430915, 0.51062878101345399, 0.48881472277795074, 0.46979623048478009, 0.4527871851598822, 0.43692117025610844, 0.42445050618301533, 0.41662991321444576, 0.40538726491718835], 'val_acc': [0.66482649842271291, 0.67082018927444798, 0.66971608832807572, 0.67523659305993688, 0.67618296529968458, 0.67933753943217667, 0.68091482649842272, 0.68044164037854893, 0.679179810725552], 'val_loss': [1.1798086234071654, 1.1834900085106257, 1.189795693839762, 1.1916646643015865, 1.2006697004149764, 1.1970005999604234, 1.2115079222417404, 1.2118993560598477, 1.2245875098351799]} final=[1.2456570839943322, 0.67445712182554285]

test 4
{'acc': [0.79407950084127876, 0.81008132361189011, 0.8177579921480651, 0.82397994952327536, 0.82964105440269209, 0.83607333146382501, 0.84036735838474486, 0.84613362310712281, 0.84672952888390352, 0.85125140213123951, 0.85435361749859784, 0.85549284913067858], 'loss': [0.57885549496180277, 0.5307877829201223, 0.51070449058754153, 0.48689391865565812, 0.46942041639658555, 0.45344566851770751, 0.43911647745651006, 0.42317208029283809, 0.42041179380654886, 0.40612462502280045, 0.39710044770162561, 0.39019233789409874], 'val_acc': [0.66624605678233439, 0.67365930599369084, 0.67665615141955837, 0.67791798107255519, 0.67902208201892744, 0.68107255520504728, 0.68154574132492118, 0.68233438485804421, 0.68328075709779179, 0.68501577287066251, 0.68075709779179816, 0.682807570977918], 'val_loss': [1.1630941643699864, 1.1698560823025388, 1.1725092624640239, 1.1737541770333371, 1.1783630116880881, 1.1837752248962594, 1.1884806894729567, 1.1899354880540529, 1.1922504167827521, 1.1983457117050604, 1.206154627905283, 1.2170853690018038]}
test 4
{'acc': [0.79407950084127876, 0.81008132361189011, 0.8177579921480651, 0.82397994952327536, 0.82964105440269209, 0.83607333146382501, 0.84036735838474486, 0.84613362310712281, 0.84672952888390352, 0.85125140213123951, 0.85435361749859784, 0.85549284913067858], 'loss': [0.57885549496180277, 0.5307877829201223, 0.51070449058754153, 0.48689391865565812, 0.46942041639658555, 0.45344566851770751, 0.43911647745651006, 0.42317208029283809, 0.42041179380654886, 0.40612462502280045, 0.39710044770162561, 0.39019233789409874], 'val_acc': [0.66624605678233439, 0.67365930599369084, 0.67665615141955837, 0.67791798107255519, 0.67902208201892744, 0.68107255520504728, 0.68154574132492118, 0.68233438485804421, 0.68328075709779179, 0.68501577287066251, 0.68075709779179816, 0.682807570977918], 'val_loss': [1.1630941643699864, 1.1698560823025388, 1.1725092624640239, 1.1737541770333371, 1.1783630116880881, 1.1837752248962594, 1.1884806894729567, 1.1899354880540529, 1.1922504167827521, 1.1983457117050604, 1.206154627905283, 1.2170853690018038]} final=[1.230492248489526, 0.67946264262053735]

test 5
{'acc': [0.79858384744812116, 0.81507641615255189, 0.82352425687044306, 0.82943073471676954, 0.83440830061693771, 0.83870232753785756, 0.84268087492989341, 0.84830692652832307, 0.85018227706113292, 0.85247826696578799, 0.8575609927089175, 0.85945386988222094, 0.86167975322490187, 0.86304683118339875, 0.8634324172742569, 0.86886567582725738, 0.86996985417835104, 0.87174004486819967, 0.87291432978126748], 'loss': [0.56533334028567084, 0.51583316287864678, 0.49179717794737654, 0.4725029646255498, 0.45898159892119123, 0.44407944576799102, 0.43094057231656768, 0.41630481748485992, 0.4091127452660463, 0.40224521146670394, 0.39047353187773381, 0.38128738400729534, 0.3750896638554933, 0.36524957107966094, 0.36287410134387965, 0.3516560785693863, 0.34886600529285072, 0.34294789732839709, 0.33644937326482888], 'val_acc': [0.66104100946372235, 0.66640378548895896, 0.66829652996845423, 0.67334384858044161, 0.67460567823343853, 0.67523659305993688, 0.6774447949526814, 0.679179810725552, 0.67933753943217667, 0.67807570977917986, 0.6801261829652997, 0.68075709779179816, 0.6801261829652997, 0.68201892744479498, 0.682807570977918, 0.68264984227129333, 0.68470031545741328, 0.68470031545741328, 0.68422712933753949], 'val_loss': [1.1927957001168645, 1.1961237441102037, 1.191324991664676, 1.1951871401127956, 1.2025096980555201, 1.2090021385755449, 1.2028163624298684, 1.2104913378363529, 1.2218183575744508, 1.225927335362329, 1.2329783913652979, 1.2410685110543429, 1.2421381019643429, 1.2470771888453125, 1.2511434639665984, 1.2695664107611502, 1.2693044994155691, 1.2757903663893979, 1.2879993085229435]}
test 5
{'acc': [0.79858384744812116, 0.81507641615255189, 0.82352425687044306, 0.82943073471676954, 0.83440830061693771, 0.83870232753785756, 0.84268087492989341, 0.84830692652832307, 0.85018227706113292, 0.85247826696578799, 0.8575609927089175, 0.85945386988222094, 0.86167975322490187, 0.86304683118339875, 0.8634324172742569, 0.86886567582725738, 0.86996985417835104, 0.87174004486819967, 0.87291432978126748], 'loss': [0.56533334028567084, 0.51583316287864678, 0.49179717794737654, 0.4725029646255498, 0.45898159892119123, 0.44407944576799102, 0.43094057231656768, 0.41630481748485992, 0.4091127452660463, 0.40224521146670394, 0.39047353187773381, 0.38128738400729534, 0.3750896638554933, 0.36524957107966094, 0.36287410134387965, 0.3516560785693863, 0.34886600529285072, 0.34294789732839709, 0.33644937326482888], 'val_acc': [0.66104100946372235, 0.66640378548895896, 0.66829652996845423, 0.67334384858044161, 0.67460567823343853, 0.67523659305993688, 0.6774447949526814, 0.679179810725552, 0.67933753943217667, 0.67807570977917986, 0.6801261829652997, 0.68075709779179816, 0.6801261829652997, 0.68201892744479498, 0.682807570977918, 0.68264984227129333, 0.68470031545741328, 0.68470031545741328, 0.68422712933753949], 'val_loss': [1.1927957001168645, 1.1961237441102037, 1.191324991664676, 1.1951871401127956, 1.2025096980555201, 1.2090021385755449, 1.2028163624298684, 1.2104913378363529, 1.2218183575744508, 1.225927335362329, 1.2329783913652979, 1.2410685110543429, 1.2421381019643429, 1.2470771888453125, 1.2511434639665984, 1.2695664107611502, 1.2693044994155691, 1.2757903663893979, 1.2879993085229435]} final=[1.3104725408167974, 0.6841369157158631]

test 6
{'acc': [0.78789259674705547, 0.80014371845204713, 0.80966068424004489, 0.81693424004486825, 0.82410263600673028, 0.83104318564217616, 0.83340928210880538], 'loss': [0.60123396632682058, 0.55820671561321911, 0.52862295902851786, 0.50604100115033124, 0.48918826238733293, 0.47038120295449182, 0.4585819477304206], 'val_acc': [0.65567823343848586, 0.66593059936908516, 0.66813880126182967, 0.66955835962145105, 0.67492113564668765, 0.67255520504731858, 0.67129337539432177], 'val_loss': [1.1840016960909689, 1.1852372655545123, 1.179185041625417, 1.1802601229129153, 1.1915565539045665, 1.1892541337840565, 1.205971462023371]}
test 6
{'acc': [0.78789259674705547, 0.80014371845204713, 0.80966068424004489, 0.81693424004486825, 0.82410263600673028, 0.83104318564217616, 0.83340928210880538], 'loss': [0.60123396632682058, 0.55820671561321911, 0.52862295902851786, 0.50604100115033124, 0.48918826238733293, 0.47038120295449182, 0.4585819477304206], 'val_acc': [0.65567823343848586, 0.66593059936908516, 0.66813880126182967, 0.66955835962145105, 0.67492113564668765, 0.67255520504731858, 0.67129337539432177], 'val_loss': [1.1840016960909689, 1.1852372655545123, 1.179185041625417, 1.1802601229129153, 1.1915565539045665, 1.1892541337840565, 1.205971462023371]} final=[1.1872649321277045, 0.67758557232241445]


test 7
{'acc': [0.80380678631519908, 0.81942302299495229, 0.82776570386988224, 0.83156898485698261, 0.83733524957936067, 0.84322420078519345, 0.84592330342120026, 0.85072560291643295, 0.85326696578799777, 0.85395050476724621], 'loss': [0.5485250303084036, 0.50255236195100539, 0.47556798786041915, 0.46100797617846639, 0.44606536386541884, 0.42764084023986049, 0.42081285732737167, 0.40961374726253014, 0.39927511492590523, 0.39364292355597991], 'val_acc': [0.67271293375394325, 0.67507886435331232, 0.67854889589905365, 0.68028391167192426, 0.68343848580441635, 0.68533123028391163, 0.68343848580441635, 0.68690851735015768, 0.68438485804416405, 0.68675078864353312], 'val_loss': [1.1854702600545313, 1.1900478997065065, 1.1960129503195971, 1.2051013168100302, 1.2014410507039692, 1.2064498335781157, 1.2126165251626577, 1.2139580240008958, 1.2273836748081051, 1.2265201759639222]}
test 7
{'acc': [0.80380678631519908, 0.81942302299495229, 0.82776570386988224, 0.83156898485698261, 0.83733524957936067, 0.84322420078519345, 0.84592330342120026, 0.85072560291643295, 0.85326696578799777, 0.85395050476724621], 'loss': [0.5485250303084036, 0.50255236195100539, 0.47556798786041915, 0.46100797617846639, 0.44606536386541884, 0.42764084023986049, 0.42081285732737167, 0.40961374726253014, 0.39927511492590523, 0.39364292355597991], 'val_acc': [0.67271293375394325, 0.67507886435331232, 0.67854889589905365, 0.68028391167192426, 0.68343848580441635, 0.68533123028391163, 0.68343848580441635, 0.68690851735015768, 0.68438485804416405, 0.68675078864353312], 'val_loss': [1.1854702600545313, 1.1900478997065065, 1.1960129503195971, 1.2051013168100302, 1.2014410507039692, 1.2064498335781157, 1.2126165251626577, 1.2139580240008958, 1.2273836748081051, 1.2265201759639222]} final=[1.2518651069768176, 0.67909458962090541]

test 8
{'acc': [0.80403463264161523, 0.82028182837913632, 0.82727495793606276, 0.83281337633202468, 0.83952607964105441, 0.84189217610768363, 0.85100602916432977, 0.85123387549074592, 0.85416082445316877, 0.85633412787436902, 0.86113642736960183, 0.86164469994391479, 0.86525518788558609, 0.86721817162086368], 'loss': [0.54520800980502682, 0.50076779812591099, 0.47886157841476507, 0.45893665609972167, 0.44577020185671024, 0.43615900821235831, 0.41381478038435227, 0.40745962305444716, 0.39493595493254335, 0.39067466160887354, 0.37799447871414515, 0.3713636670806939, 0.36494129896581806, 0.35601221085163026], 'val_acc': [0.66214511041009461, 0.66451104100946368, 0.66845425867507891, 0.66813880126182967, 0.6706624605678233, 0.67003154574132495, 0.67208201892744479, 0.67271293375394325, 0.67334384858044161, 0.67602523659305991, 0.6742902208201893, 0.67760252365930596, 0.67492113564668765, 0.67539432176656156], 'val_loss': [1.2356315642877331, 1.2422372126804917, 1.249022904705926, 1.2587842421576805, 1.256501808677938, 1.2626629223958927, 1.2655907898671244, 1.2758732822791259, 1.2827408499522164, 1.2770096209523054, 1.2935681995909296, 1.2944006760413715, 1.3046062071616717, 1.3178485224299625]}
test 8
{'acc': [0.80403463264161523, 0.82028182837913632, 0.82727495793606276, 0.83281337633202468, 0.83952607964105441, 0.84189217610768363, 0.85100602916432977, 0.85123387549074592, 0.85416082445316877, 0.85633412787436902, 0.86113642736960183, 0.86164469994391479, 0.86525518788558609, 0.86721817162086368], 'loss': [0.54520800980502682, 0.50076779812591099, 0.47886157841476507, 0.45893665609972167, 0.44577020185671024, 0.43615900821235831, 0.41381478038435227, 0.40745962305444716, 0.39493595493254335, 0.39067466160887354, 0.37799447871414515, 0.3713636670806939, 0.36494129896581806, 0.35601221085163026], 'val_acc': [0.66214511041009461, 0.66451104100946368, 0.66845425867507891, 0.66813880126182967, 0.6706624605678233, 0.67003154574132495, 0.67208201892744479, 0.67271293375394325, 0.67334384858044161, 0.67602523659305991, 0.6742902208201893, 0.67760252365930596, 0.67492113564668765, 0.67539432176656156], 'val_loss': [1.2356315642877331, 1.2422372126804917, 1.249022904705926, 1.2587842421576805, 1.256501808677938, 1.2626629223958927, 1.2655907898671244, 1.2758732822791259, 1.2827408499522164, 1.2770096209523054, 1.2935681995909296, 1.2944006760413715, 1.3046062071616717, 1.3178485224299625]} final=[1.2863060963693507, 0.68259109311740895]

test 9
{'acc': [0.75131449803701622, 0.76943704430734716, 0.77928701626472241, 0.79039890633763321, 0.79921480650588894, 0.80526149747616382, 0.8129556926528323, 0.81702187324733599, 0.82313867077958502, 0.82529444756029169, 0.83148135165451487, 0.83612591138530568, 0.83966629276500282, 0.84345204711160959, 0.84865745933819403], 'loss': [0.71772415371871834, 0.6644292599654773, 0.62933336322018751, 0.60017623042398405, 0.57553643488810424, 0.54943451487610195, 0.5338662444325023, 0.51351509749287649, 0.50185931933206984, 0.48713802671205175, 0.47211728549645443, 0.45629309616728037, 0.44571176301677506, 0.43060439591052085, 0.42093963685392732], 'val_acc': [0.6541009463722397, 0.65930599369085174, 0.66324921135646686, 0.66719242902208198, 0.667981072555205, 0.67287066246056781, 0.6742902208201893, 0.67586750788643535, 0.67760252365930596, 0.67807570977917986, 0.68075709779179816, 0.68343848580441635, 0.68406940063091481, 0.68406940063091481, 0.68391167192429025], 'val_loss': [1.1316423583105912, 1.1178238304631567, 1.1216700231991357, 1.1184546967034084, 1.1280376243290464, 1.1391555825242485, 1.1404292318723179, 1.1385821611723312, 1.1517559657713592, 1.150470575549249, 1.1588312878593661, 1.1648998874219059, 1.1702223758216159, 1.185855106149186, 1.189196430696674]}
test 9
{'acc': [0.75131449803701622, 0.76943704430734716, 0.77928701626472241, 0.79039890633763321, 0.79921480650588894, 0.80526149747616382, 0.8129556926528323, 0.81702187324733599, 0.82313867077958502, 0.82529444756029169, 0.83148135165451487, 0.83612591138530568, 0.83966629276500282, 0.84345204711160959, 0.84865745933819403], 'loss': [0.71772415371871834, 0.6644292599654773, 0.62933336322018751, 0.60017623042398405, 0.57553643488810424, 0.54943451487610195, 0.5338662444325023, 0.51351509749287649, 0.50185931933206984, 0.48713802671205175, 0.47211728549645443, 0.45629309616728037, 0.44571176301677506, 0.43060439591052085, 0.42093963685392732], 'val_acc': [0.6541009463722397, 0.65930599369085174, 0.66324921135646686, 0.66719242902208198, 0.667981072555205, 0.67287066246056781, 0.6742902208201893, 0.67586750788643535, 0.67760252365930596, 0.67807570977917986, 0.68075709779179816, 0.68343848580441635, 0.68406940063091481, 0.68406940063091481, 0.68391167192429025], 'val_loss': [1.1316423583105912, 1.1178238304631567, 1.1216700231991357, 1.1184546967034084, 1.1280376243290464, 1.1391555825242485, 1.1404292318723179, 1.1385821611723312, 1.1517559657713592, 1.150470575549249, 1.1588312878593661, 1.1648998874219059, 1.1702223758216159, 1.185855106149186, 1.189196430696674]}
final=[1.1753129850032358, 0.68214942951785063]
