PHYSICS FLASHFREEZE
test 0
{'acc': [0.87935132733533272, 0.88952571366689448, 0.89556814397320172], 'loss': [0.35609047962872964, 0.32218801467587893, 0.30245368244925247], 'val_acc': [0.77354480896100886, 0.77717306794283869, 0.77789871970583857], 'val_loss': [0.74477420290428575, 0.7522581915632226, 0.75894628239414497]}
final=[0.75894628239414497, 0.77789871970583857]

test 1
{'acc': [0.87881817174701971, 0.88972564702244261, 0.89734532935055544], 'loss': [0.35522817145661884, 0.32301113214358268, 0.29706177538359918], 'val_acc': [0.77349297672422102, 0.77639558388744079, 0.77826154563522498], 'val_loss': [0.75275454739046799, 0.75754435509883533, 0.76311944693655975]}
final=[0.76311944693655975, 0.77826154563522498]

test 2
{'acc': [0.88012884597202068, 0.89114739531267351, 0.89607908476012077], 'loss': [0.35202169440315123, 0.31587073128249638, 0.29633102779267667], 'val_acc': [0.77473695118875985, 0.77712123564426183, 0.77795055200441543], 'val_loss': [0.75054468707818855, 0.75340105158442483, 0.76740905249686642]}
final=[0.76740905249686642, 0.77795055200441543]

test 3
{'acc': [0.87799622349165474, 0.8883483283455923, 0.89623458848110271], 'loss': [0.35569980565003789, 0.32058343369338721, 0.29768833137149087], 'val_acc': [0.77624008710293046, 0.77924635880769388, 0.78277095315838618], 'val_loss': [0.75135762121927896, 0.76087786205596042, 0.75792543936781676]}
final=[0.75792543936781676, 0.78277095315838618]

test 4
{'acc': [0.87835166057348124, 0.88863712095968006, 0.89601244030827143], 'loss': [0.36000551715911949, 0.32179393155050717, 0.30342897522433604], 'val_acc': [0.7735966412595856, 0.77712123567206681, 0.77846887471213322], 'val_loss': [0.74312112907015604, 0.74913231119029244, 0.7612796274096798]}
final=[0.7612796274096798, 0.77846887471213322]

test 5
{'acc': [0.88075086084535548, 0.89090303232255919, 0.89741197379710846], 'loss': [0.35221850531744475, 0.31626047693920389, 0.29534751484755023], 'val_acc': [0.77406313166872676, 0.77598092574907152, 0.77706940337349006], 'val_loss': [0.74956336828015402, 0.75555460874310043, 0.76470683365311065]}
final=[0.76470683365311065, 0.77706940337349006]

test 6
{'acc': [0.87728534934918745, 0.88841497279214521, 0.89519049207409207], 'loss': [0.36060623996763325, 0.32379042995475232, 0.30139227761807053], 'val_acc': [0.7716270150042418, 0.7758254288749673, 0.78038666873068918], 'val_loss': [0.75499532556160609, 0.75460015929753044, 0.75326452529344501]}
final=[0.75326452529344501, 0.78038666873068918]

test 7
{'acc': [0.87797400869026088, 0.88759302455266953, 0.89636787738082913], 'loss': [0.35695139790831254, 0.32511898082692692, 0.30064252726597135], 'val_acc': [0.77463328664721631, 0.77960918469691742, 0.77919452650293819], 'val_loss': [0.74613799188356156, 0.75017381022743024, 0.75780269138575629]}
final=[0.75780269138575629, 0.77919452650293819]

test 8
{'acc': [0.88110629791658901, 0.89121403976981939, 0.89876707766197206], 'loss': [0.35537655131956952, 0.31916945493182886, 0.29668866460963939], 'val_acc': [0.77209350544118782, 0.77598092568728261, 0.77935002334923742], 'val_loss': [0.74829622120853034, 0.75090291077702753, 0.75647091631359686]}
final=[0.75647091631359686, 0.77935002334923742]

test 9
{'acc': [0.87850716429446307, 0.88901477284952091, 0.89576807731286057], 'loss': [0.35406411804584059, 0.31958462644004693, 0.29785560312190879], 'val_acc': [0.7749961125426188, 0.78002384280748172, 0.78230446272144016], 'val_loss': [0.74469978354714095, 0.75080990199383313, 0.75360077404836245]}
final=[0.75360077404836245, 0.78230446272144016]
[0.77789871970583857,0.77826154563522498,0.77795055200441543,0.78277095315838618,0.77846887471213322,0.77706940337349006,0.78038666873068918,0.77919452650293819,0.77935002334923742,0.78230446272144016]

PHYSICS FROZEN
test 0
{'acc': [0.57825883049885218, 0.67790585737911291, 0.71794238886283412, 0.74627897218176886, 0.77338138375336307, 0.78905536494458572], 'loss': [1.2580785492381168, 0.95843761441753528, 0.82465657617493027, 0.73847488740446354, 0.65978445821497045, 0.60829760018249046], 'val_acc': [0.66348289667580296, 0.69569080419298912, 0.69968902736385896, 0.7254553533617204, 0.72434473585838854, 0.72345624172332712], 'val_loss': [1.0257742880503902, 0.94059484648948133, 0.90812996772594956, 0.85944239884575224, 0.89391053911846297, 0.89601435755581815]} final=[0.89738004645570679, 0.71906909241384931]

test 1
{'acc': [0.57704934218645865, 0.67659763532693207, 0.71964554587416385, 0.74746377705921552, 0.76958013477155485, 0.78819144472144742,
         0.80329770690889346, 0.81331918149729721, 0.82134129785500953, 0.83064695282995582], 'loss': [1.2586935495619942, 0.95973055393244511, 0.83239965470857114, 0.73715063788685864, 0.66400447920359451, 0.60474643514130033, 0.56742830741866868, 0.53133571431023474, 0.50507382521312894, 0.47406170928548569], 'val_acc': [0.64415815203839122, 0.67414482454891367, 0.69391381618765824, 0.71945801855245728, 0.72745446478828013, 0.7281208352108417, 0.72212350085172483, 0.73478454052210385, 0.73123056414073329, 0.72656597078561469], 'val_loss': [1.051739672299016, 0.94637182695184585, 0.90596070892278058, 0.89237839650811224, 0.86103457350139878, 0.86850306117656439, 0.93145752286762729, 0.9301521017889296, 0.9121171433308134, 0.94145952341875361]} final=[0.90670738407805884, 0.73399678638994381]

test 2
{'acc': [0.58129489299730952, 0.6764742181521981, 0.72166958753980204, 0.74852516476192832, 0.77377631871251207, 0.7914743415693728, 0.80107619776368078], 'loss': [1.2546529403733415, 0.95958570573870927, 0.82000613720239357, 0.73242723628427286, 0.65474924510668764, 0.60270431916248113, 0.56482262839564912], 'val_acc': [0.65904042658303796, 0.68302976457556852, 0.70679697914687012, 0.73145268780027484, 0.74189249241103172, 0.73011994687571413, 0.74144824525082387], 'val_loss': [1.0278261265506854, 0.95277753373031249, 0.89143619239197891, 0.84136968345337049, 0.85499503214271377, 0.87481651828851448, 0.85601044363151491]} final=[0.86833670722846945, 0.73513709638090696]

test 3
{'acc': [0.57907338385209683, 0.67728877150544264, 0.72028731518278089, 0.74664922370597098, 0.77426998741144815, 0.78883321403006446,
         0.80490213018043588, 0.81615777651618004, 0.82467356157282845], 'loss': [1.2545325346672671, 0.95595056570769743, 0.81978295097036114, 0.73357119966644357, 0.65594911624971985, 0.60715154097827806, 0.56368917417336306, 0.52216983137065298, 0.49557024601866612], 'val_acc': [0.65370946277887865, 0.67725455355824282, 0.69013771683520497, 0.70102176820898199, 0.7179031540477927, 0.73100844066654613, 0.7310084407459837, 0.71945801871133241, 0.71856952462922941], 'val_loss': [1.0320374865046822, 0.95556403294715386, 0.92726967310651254, 0.91661918708770762, 0.90370753289645955, 0.89936353701159777, 0.89864651672790341, 0.93673269544003646, 0.95162605451563098]} final=[0.91880104192424228, 0.73296014097450812]

test 4
{'acc': [0.5814183101720436, 0.6804976180485276, 0.71865820847629158, 0.75163527756522597, 0.76953076790166119, 0.78752499197788361, 0.80532174857453165,
        0.81386221706612694, 0.82227926838298815, 0.83215264236171105], 'loss': [1.2490211370988042, 0.95085822178252111, 0.82817654472105673, 0.7276923761392986, 0.66266996405653311, 0.60746787069567676, 0.56022468221735489, 0.52856624623233184, 0.50313222891397147, 0.47494633803850067], 'val_acc': [0.63549533535352765, 0.68947134609489324, 0.6872501111676671, 0.7063527321455374, 0.70790759672963954, 0.71923589534306198, 0.72989782329561026, 0.74233673925348942, 0.74189249227863585, 0.74055975132759599], 'val_loss': [1.0847344578556992, 0.94159533137059226, 0.94916404241564434, 0.88076545680061757, 0.90471572756290652, 0.90845639861355565, 0.8932008175837205, 0.86512093944371615, 0.88654041835754405, 0.92573655562525803]} final=[0.92426745552844392, 0.73710672267023469]

test 5
{'acc': [0.58038160590427768, 0.67664700219682572, 0.71880630908597243, 0.75183274504480047, 0.77530669167921407, 0.79046232073655365,
        0.80260657073038288, 0.81410905141559498], 'loss': [1.2533355053419806, 0.95967503324435355, 0.82384778204012021, 0.72999302193712245, 0.65720121119088348, 0.60849049193938387, 0.56047678142177293, 0.53008831209688334], 'val_acc': [0.65904042679487151, 0.67947578869730252, 0.70879609073230498, 0.72256774769418242, 0.71123944908075998, 0.73811639282026587, 0.73367392280693855, 0.73811639276730756], 'val_loss': [1.0212643996761515, 0.9495179357660023, 0.86804048252974231, 0.86945689089930567, 0.91159190849853267, 0.86307148237537668, 0.87018799291934401, 0.89071537748224094]} final=[0.87247589533766357, 0.73394495409136706]

test 6
{'acc': [0.58193666230592644, 0.67830079233826179, 0.7223854071532595, 0.74958655246464101, 0.77236936292054403, 0.79152370843926645, 0.80314960629921262,
         0.81551600720756301, 0.82358749043516899, 0.82867227803421128, 0.83829881766346603, 0.84646903463085921, 0.84903611186532713, 0.85249179275788023,
         0.85478735220793323, 0.85863796805963521], 'loss': [1.2555895127234491, 0.95593121335856768, 0.82066330222833028, 0.73032774517372734, 0.65483590374615142, 0.60150318214933685, 0.56109190279960841, 0.52711416410212697, 0.50213734057868453, 0.48309279219663392, 0.45739611400860009, 0.43726922127857321, 0.42582917056384284, 0.41360693077707339, 0.40749955168332519, 0.39517623622483422], 'val_acc': [0.65948467342549566, 0.6845846291331914, 0.70635273243680841, 0.71545979596412956, 0.71212794308342542, 0.72523322978161642, 0.72012438926628985, 0.73878276316338987, 0.73700577531693412, 0.74033762766805455, 0.74078187474882484, 0.73322967580560572, 0.74278098633425971, 0.749222567933022, 0.74344735667738371, 0.741448245118428], 'val_loss': [1.0342374522121469, 0.95541779934592064, 0.89605746990519064, 0.90624029476978363, 0.89900200584632772, 0.90774846913707574, 0.90222941531652034, 0.89298070250273487, 0.91179441097628955, 0.90882729848508359, 0.94883960827039859, 0.98427495014821087, 0.95052883170647706, 0.95752225598458551, 0.9772092797183185, 0.99974225622344048]} final=[0.9780092206137464, 0.74607370548594798]


test 7
{'acc': [0.58080122429837333, 0.67995458247969787, 0.71532594475847255, 0.74877199911139636, 0.77320859970873546, 0.79024016982203238,
         0.80260657073038288, 0.81364006615160567, 0.82134129785500953, 0.83205390862192385, 0.84059437711351914, 0.84170513168612549], 'loss': [1.247788538156835, 0.95313153843518006, 0.83480919337121395, 0.73429911861709396, 0.65816890610334555, 0.60909733070936045, 0.56280444313904687, 0.52909004695782391, 0.50312245280714152, 0.4759009578329042, 0.45293380989747195, 0.44377207314447581], 'val_acc': [0.66170590864399281, 0.65948467379620423, 0.67925366535551124, 0.70990670836803282, 0.71612616617485769, 0.724344735937826, 0.72856508207977855, 0.73633940481493498, 0.73922701024416027, 0.745668592054756, 0.73456241702143743, 0.74433585105075772], 'val_loss': [1.0059705970817965, 1.0083442154803417, 0.9817416641459048, 0.89691099793261708, 0.89494137004554031, 0.92814103895587319, 0.91981856206532109, 0.91347329068957095, 0.92319025661298193, 0.93158701209161932, 0.99849606307015748, 0.96169101868878992]} final=[0.92645251256017103, 0.74814699631064041]

test 8
{'acc': [0.57682719127193738, 0.67983116530496379, 0.72389109668501472, 0.7506479401673537, 0.77323328314368223,
         0.79048700417150053, 0.80771604176437195], 'loss': [1.2549048723711396, 0.95117076261358602, 0.82005295281973645, 0.7326790781525373, 0.65747212008361966, 0.60013946864771528, 0.55458404609993583], 'val_acc': [0.64171479347810279, 0.6876943581160414, 0.69280319884320141, 0.70302087987385453, 0.72478898272732528, 0.72167925392982957, 0.71346068419334041], 'val_loss': [1.0592251935835575, 0.92423808707072441, 0.93269746809840359, 0.92481075247781963, 0.85903334078763338, 0.89074375072303003, 0.92619204335824912]} final=[0.92868134301069494, 0.71580365935522705]

test 9
{'acc': [0.58040628933922445, 0.68099128674746379, 0.7196949127440575, 0.74926566781033244, 0.77148075926245896, 0.7864882877101177, 0.80384074247772319,
         0.81447930293979709, 0.82316787204107322, 0.82810455903043467, 0.83797793300915757], 'loss': [1.2506570892839153, 0.95096221777692069, 0.82902545193537369, 0.73200161920216422, 0.66092196082561561, 0.61198386026351093, 0.56187342183543387, 0.52925876695568719, 0.50173405759854739, 0.48488251912645208, 0.45820985871656555], 'val_acc': [0.63838294123289907, 0.6765881831092021, 0.70191026213220997, 0.7194580188966867, 0.69880053317583912, 0.71968014239735312, 0.71990226560674841, 0.71768103089135571, 0.73434029352077113, 0.73211905843466984, 0.73367392293933442], 'val_loss': [1.061762552587576, 0.94894044166774227, 0.90771607566758927, 0.86844536756102853, 0.9177876142118836, 0.8593213546016597, 0.90167596264978556, 0.92711515505543718, 0.89309388258784461, 0.88076621858028237, 0.92507861103814526]} final=[0.89747172839681244, 0.75156792620938306]
[7,10,7,9,10,8,16,12,7,11]
[0.71906909241384931,0.73399678638994381,0.73513709638090696,0.73296014097450812,0.73710672267023469,0.73394495409136706,0.74607370548594798,0.74814699631064041,0.71580365935522705,0.75156792620938306]

PHYSICS NOT FROZEN
test 0
{'acc': [0.60933527509688246, 0.7398119122257053, 0.80189075111692543, 0.84313677091304029, 0.86927652852170911, 0.88996124700713353, 0.90195739639128181,
         0.91328709303186628, 0.92024782168686592, 0.92390097005899341, 0.92817120430479105, 0.93034334658011009, 0.93439142991138646, 0.93602053661787576,
         0.93816799545824792], 'loss': [1.1774078679709175, 0.7812608648482815, 0.59068834716868168, 0.46336784163998024, 0.38265083630801255, 0.3229677236074579, 0.288682183614137, 0.2539666200328991, 0.2371461350197957, 0.22211299005783119, 0.20882122721568563, 0.20096939756184123, 0.19044638304322362, 0.18311483435261236, 0.17187415874010911], 'val_acc': [0.69280319860488881, 0.74011550440570084, 0.7596623725967373, 0.76454908932012644, 0.77654375848850643, 0.77787649949250459, 0.77965348728600214, 0.7792092404170653, 0.78120835192306259, 0.77787649949250459, 0.78209684579333216, 0.78520657480266132, 0.7852065749350573, 0.78009773428733487, 0.78231896950583202], 'val_loss': [0.91999677118858936, 0.78783473087808176, 0.7668694574427255, 0.79158374713506241, 0.81899410287627428, 0.81232423678550225, 0.82576149275757271, 0.86932864214567962, 0.91832882793465487, 0.91162740193913117, 0.9313603833959877, 0.93176360323078522, 0.94246474163948513, 1.0044087435816829, 1.0005684639283785]} final=[1.0292188855245201, 0.77359664122560179]

test 1
{'acc': [0.60834793769901019, 0.73689926690198204, 0.80082936341421274, 0.84296398686841256, 0.87248537506479407, 0.89126946905931426, 0.90057512403426065,
         0.91195418754473878, 0.92019845481697238], 'loss': [1.167288912483426, 0.77688335665018138, 0.58718576032095582, 0.45974017784113097, 0.37398469402480933, 0.31962302392111636, 0.28951909320925834, 0.25911600796374179, 0.23647998767477288], 'val_acc': [0.69702354527642496, 0.72589960036305312, 0.73967125748380558, 0.76432696581946014, 0.76832518899032987, 0.75655264337557471, 0.77476677021838358, 0.77298978242488614, 0.77254553558242844], 'val_loss': [0.92100883234558717, 0.83913207292450842, 0.8239798524654055, 0.82719949625270306, 0.83667453849437445, 0.90519684359848318, 0.9091058127459607, 0.92698811250811208, 0.96819137536595001]} final=[0.93672012087778911, 0.77898719745383493]

test 2
{'acc': [0.61192703576629726, 0.73759040308049273, 0.80036037815022343, 0.84148298077160422, 0.86969614691580477, 0.89010934761681437, 0.90430232271122846,
         0.91350924394638755, 0.91891491619973831, 0.92380223631920622], 'loss': [1.1645364254798392, 0.77468688708164046, 0.58761606519336473, 0.45905400792580142, 0.38251563870555882, 0.31584676675735907, 0.28246159851808522, 0.25576430071200745, 0.2373379930698834, 0.22502365316354514], 'val_acc': [0.67992003564567682, 0.71257219024363327, 0.75255442036358, 0.76477121284727201, 0.76521546006043828, 0.76988005357443201, 0.77609951138125688, 0.77765437609775501, 0.77543314087925774, 0.77276765908309486], 'val_loss': [0.96616098063620182, 0.85544540894291021, 0.77494093946539944, 0.79305567094242768, 0.84161600320935515, 0.88012708345554713, 0.88625931075179598, 0.872403504264879, 0.92316082576707648, 0.95861198016666194]} final=[0.93268616308365415, 0.77732856472734901]
[15,9,10,]
[0.77359664122560179,0.77898719745383493,0.77732856472734901]
test 3
{'acc': [0.60834793769901019, 0.73734356873102458, 0.8003850615851702, 0.84548169723298694, 0.87134993705724084, 0.89156567027867595, 0.90504282575963269,
         0.91390417890553655, 0.9208402241255893, 0.92348135166489764], 'loss': [1.1735402452720021, 0.77975681521022566, 0.59234703982180537, 0.45974139436556033, 0.37700071086968628, 0.31864062058229142, 0.27931491045937695, 0.25404152191263335, 0.23500693073880172, 0.22149719886676794], 'val_acc': [0.69768991561954896, 0.73434029346781271, 0.74855619743102286, 0.76810306535726758, 0.77609951159309043, 0.77543314087925774, 0.77743225238525515, 0.77943136410308589, 0.77521101745802901, 0.77365615295336443], 'val_loss': [0.91113462259058742, 0.79231497633462478, 0.78256220716415437, 0.78935973282021343, 0.78724293492201536, 0.84276981257905115, 0.87832684595814714, 0.88070029112986592, 0.92835734794532809, 0.94645585172020663]} final=[0.96763214586509338, 0.77281915716402505]

test 4
{'acc': [0.61113716584799938, 0.74013279688001388, 0.80184138424703177, 0.84118677955224253, 0.87120183644756, 0.88951694517809099, 0.90348776935798381,
         0.91471873225878109, 0.92019845481697238, 0.92520919211117414], 'loss': [1.1651560073088596, 0.77158253857864967, 0.58452946632439184, 0.46165466140871547, 0.37562111593782715, 0.31888885944997114, 0.28060552838669223, 0.25031676513233436, 0.23122730338793113, 0.21911554708605968], 'val_acc': [0.70213238568583469, 0.72634384712607314, 0.75744113745767772, 0.76143936039023485, 0.76321634839556574, 0.77210128858109572, 0.76788094206843471, 0.77609951159309043, 0.77410040008709302, 0.77432252321705086], 'val_loss': [0.90763265622663059, 0.86009478780864235, 0.79359603902595621, 0.81041734539525134, 0.86069968187877832, 0.87033828220490295, 0.90662324995212906, 0.95652814903877836, 0.97590873406654677, 0.95563375828055375]} final=[0.92235074716525578, 0.78095682373698372]

test 5
{'acc': [0.606323896033372, 0.73783723742996077, 0.79954582479697878, 0.84486461135931679, 0.87162145484165576, 0.89307135981043118, 0.90180929578160096,
         0.91299089181250459, 0.91785352849702562], 'loss': [1.170819720469116, 0.7738054187040706, 0.58813086066376563, 0.46228067003282652, 0.37783375002641079, 0.31784107589980326, 0.2862097410971074, 0.25475814983657352, 0.23847528142253244], 'val_acc': [0.69346956908040869, 0.72923145284656943, 0.75011106198864586, 0.76432696589889759, 0.76921368288707859, 0.76677032445918603, 0.77920924028466931, 0.77609951156661117, 0.77343402947917717], 'val_loss': [0.9123088630344115, 0.82418800687217963, 0.78548574775973723, 0.79614219926082519, 0.85168842965367109, 0.9167833409802959, 0.88145359194792416, 0.92656608244304073, 0.9481883305329738]} final=[0.94012781009576196, 0.7744259576197392]

test 6
{'acc': [0.60819983708932934, 0.74102140053809884, 0.80282872164490415, 0.84323550465282748, 0.87134993705724084, 0.8884555574753783, 0.90437637301606888], 'loss': [1.1706832233373448, 0.77037386240657535, 0.58389060836494733, 0.46304840559937399, 0.37854220092221569, 0.32217862359143851, 0.27840248403295431], 'val_acc': [0.69635717461555069, 0.72212350082524557, 0.7294535761354024, 0.76143936044319316, 0.76499333624202159, 0.76055086630813173, 0.76454908924068887], 'val_loss': [0.91441469815295306, 0.83829933063341, 0.86597231995630453, 0.81220286833027211, 0.83406212789543144, 0.8673223162798922, 0.90290312134705875]} final=[0.87975985349037167, 0.76955372411158163]

test 7
{'acc': [0.60664478068768046, 0.74025621405474784, 0.80421099400192531, 0.84407474144101891, 0.87441068299064495, 0.89163972058351637, 0.90642509811665395,
         0.91321304272702586], 'loss': [1.1695521179465915, 0.77520968054899841, 0.58481020467484168, 0.45828508312278521, 0.37053839841730796, 0.31607910607942435, 0.27485355862308719, 0.2527209901602458], 'val_acc': [0.70346512687518725, 0.73478454038970786, 0.74988893830262515, 0.75211017330928887, 0.76743669485526844, 0.77654375859442315, 0.75921812533061273, 0.77121279452547187], 'val_loss': [0.91579436985771689, 0.82277032948768913, 0.80151549459615845, 0.83551333311768117, 0.83236437715566836, 0.88529474160132116, 0.93029222097570552, 0.95347755025991177]} final=[0.90629031689932094, 0.77712123570605074]

test 8
{'acc': [0.60975489349097822, 0.73438155653740778, 0.79971860884160639, 0.84098931207266803, 0.86801767333942192, 0.89230617332708018, 0.90363586996766465,
         0.91350924394638755, 0.91992693703255746, 0.92404907066867426, 0.9274553846913336], 'loss': [1.1646247103711369, 0.78622583935313894, 0.59426487969583597, 0.46602151709796619, 0.38382069279869602, 0.32056397624343075, 0.28481342748114258, 0.25586221666522457, 0.23682424520385753, 0.22113827056174754, 0.2092495239476434], 'val_acc': [0.70590848519716298, 0.7392270101647227, 0.75055530906941614, 0.76943580654662003, 0.76565970695585428, 0.7763216349348816, 0.78720568659992973, 0.78098622852831301, 0.79009329218803004, 0.78787205704897045, 0.78120835194954175], 'val_loss': [0.88806250999896386, 0.78911472060636967, 0.77150061982094265, 0.78003119776271179, 0.82754728096106589, 0.82555176945910458, 0.85316090920616494, 0.88736567275887435, 0.88234605639841968, 0.90768618535487078, 0.89618855031635003]} final=[0.90728173761106312, 0.77862437154607467]

test 9
{'acc': [0.60415175375805297, 0.73879989139288627, 0.80147113272282966, 0.84407474144101891, 0.87285562658899607], 'loss': [1.1737172922161658, 0.77731509415448308, 0.58863919588954861, 0.4594049766022319, 0.37392575202083883], 'val_acc': [0.68791648174910369, 0.71856952460275025, 0.74988893835558357, 0.74366948041636272, 0.745890715502464], 'val_loss': [0.93303865684185594, 0.84067269586447024, 0.78772687935818575, 0.85248207182738056, 0.89452129994324181]} final=[0.84999894524895925, 0.7567511532587563]

[15,9,10,10,10,9,7,8,11,6]
[0.77359664122560179,0.77898719745383493,0.77732856472734901,0.77281915716402505,0.78095682373698372,0.7744259576197392,0.76955372411158163,0.77712123570605074,0.77862437154607467,0.7567511532587563]

PHYSICS FREEZE UNFREEZE
test 0
{'acc': [0.87371954681213437, 0.884901142843038, 0.89292325920075033, 0.89931626885197347, 0.90338903561819661, 0.90837508947745171, 0.91242317280872809, 0.916150371485696, 0.91773011132229165, 0.91960605237824899, 0.92308641670574876, 0.92217312961271691, 0.92607311233431244], 'loss': [0.36216424197430075, 0.32476358703040992, 0.29986373558440022, 0.28104528373564114, 0.26913211933042375, 0.25325837774274113, 0.24240418983958509, 0.23716954949478095, 0.22754683744525214, 0.2226640361567663, 0.21039137741423403, 0.20949764344897792, 0.19968437041825399], 'val_acc': [0.75566414931995085, 0.75744113753711528, 0.76188360733860916, 0.75988449583261186, 0.76388271884460657, 0.76543758356110458, 0.76388271905644001, 0.76588183035060386, 0.76454908934660559, 0.76854731227916273, 0.76899155935993302, 0.76899155935993302, 0.76854731227916273], 'val_loss': [0.88419487242272887, 0.89750579954093956, 0.90459355284298115, 0.9264970981825833, 0.92065905682620131, 0.93297133004596533, 0.93437264761041394, 0.94507837030740383, 0.95820011699639229, 0.96647312801607654, 0.96394429266161519, 0.9622539619189906, 0.96872419211558369]}
test 0
{'acc': [0.87371954681213437, 0.884901142843038, 0.89292325920075033, 0.89931626885197347, 0.90338903561819661, 0.90837508947745171, 0.91242317280872809, 0.916150371485696, 0.91773011132229165, 0.91960605237824899, 0.92308641670574876, 0.92217312961271691, 0.92607311233431244], 'loss': [0.36216424197430075, 0.32476358703040992, 0.29986373558440022, 0.28104528373564114, 0.26913211933042375, 0.25325837774274113, 0.24240418983958509, 0.23716954949478095, 0.22754683744525214, 0.2226640361567663, 0.21039137741423403, 0.20949764344897792, 0.19968437041825399], 'val_acc': [0.75566414931995085, 0.75744113753711528, 0.76188360733860916, 0.75988449583261186, 0.76388271884460657, 0.76543758356110458, 0.76388271905644001, 0.76588183035060386, 0.76454908934660559, 0.76854731227916273, 0.76899155935993302, 0.76899155935993302, 0.76854731227916273], 'val_loss': [0.88419487242272887, 0.89750579954093956, 0.90459355284298115, 0.9264970981825833, 0.92065905682620131, 0.93297133004596533, 0.93437264761041394, 0.94507837030740383, 0.95820011699639229, 0.96647312801607654, 0.96394429266161519, 0.9622539619189906, 0.96872419211558369]} final=[0.98787574419453539, 0.76545897477622082]

test 1
{'acc': [0.89534223582553751, 0.90506750919457957, 0.91079406610223879, 0.91447189790931305, 0.91975415298792984, 0.92130920938957861, 0.92466615654234441, 0.92881297361340809, 0.93019524597042924], 'loss': [0.28938627105505793, 0.25907197240991553, 0.24387945276706094, 0.23068026050440571, 0.22113342015178564, 0.21195832887598737, 0.20434957760346009, 0.19783074761345995, 0.19020145441794736], 'val_acc': [0.75677476695567858, 0.75810750795967685, 0.75921812546300871, 0.76010661946567415, 0.76077298996767329, 0.76077298988823572, 0.76188360739156757, 0.7605508663875693, 0.75899600188290473], 'val_loss': [0.97741220146748609, 0.98111264581735369, 0.99318054023185132, 0.99132491335080819, 1.0056548554173896, 1.0066006865198482, 1.0212622750525684, 1.0225547264544819, 1.0323600308305154]}
test 1
{'acc': [0.89534223582553751, 0.90506750919457957, 0.91079406610223879, 0.91447189790931305, 0.91975415298792984, 0.92130920938957861, 0.92466615654234441, 0.92881297361340809, 0.93019524597042924], 'loss': [0.28938627105505793, 0.25907197240991553, 0.24387945276706094, 0.23068026050440571, 0.22113342015178564, 0.21195832887598737, 0.20434957760346009, 0.19783074761345995, 0.19020145441794736], 'val_acc': [0.75677476695567858, 0.75810750795967685, 0.75921812546300871, 0.76010661946567415, 0.76077298996767329, 0.76077298988823572, 0.76188360739156757, 0.7605508663875693, 0.75899600188290473], 'val_loss': [0.97741220146748609, 0.98111264581735369, 0.99318054023185132, 0.99132491335080819, 1.0056548554173896, 1.0066006865198482, 1.0212622750525684, 1.0225547264544819, 1.0323600308305154]} final=[1.0368836393550587, 0.76426683254846983]

test 2
{'acc': [0.88875175869473999, 0.90267321600473927, 0.90901685878606864, 0.91291684150766417, 0.91506430034803643, 0.92177819465356803, 0.92259274800681268, 0.92491299089181256, 0.92644336385851456, 0.92873892330856767, 0.93034334658011009], 'loss': [0.31047921173898507, 0.27430671427614184, 0.25354486685764271, 0.24292732459702909, 0.23562004351213961, 0.21824855154431558, 0.21082677989346693, 0.20610320715325545, 0.20100297812499618, 0.19233269424788987, 0.1892182111500437], 'val_acc': [0.74900044443235558, 0.7532207909450167, 0.75499777895034759, 0.75521990237157643, 0.75544202587224285, 0.75588627287357557, 0.75588627287357557, 0.756996890456345, 0.75966237246434143, 0.75655264345501227, 0.75832963138090559], 'val_loss': [1.0033358373095438, 1.0031599239580686, 1.0111346656828126, 1.0122566875591643, 1.025436654031568, 1.0313592034411505, 1.0354592107444909, 1.0412073998597398, 1.0394531279233019, 1.0552305126656218, 1.0478654455365419]}
test 2
{'acc': [0.88875175869473999, 0.90267321600473927, 0.90901685878606864, 0.91291684150766417, 0.91506430034803643, 0.92177819465356803, 0.92259274800681268, 0.92491299089181256, 0.92644336385851456, 0.92873892330856767, 0.93034334658011009], 'loss': [0.31047921173898507, 0.27430671427614184, 0.25354486685764271, 0.24292732459702909, 0.23562004351213961, 0.21824855154431558, 0.21082677989346693, 0.20610320715325545, 0.20100297812499618, 0.19233269424788987, 0.1892182111500437], 'val_acc': [0.74900044443235558, 0.7532207909450167, 0.75499777895034759, 0.75521990237157643, 0.75544202587224285, 0.75588627287357557, 0.75588627287357557, 0.756996890456345, 0.75966237246434143, 0.75655264345501227, 0.75832963138090559], 'val_loss': [1.0033358373095438, 1.0031599239580686, 1.0111346656828126, 1.0122566875591643, 1.025436654031568, 1.0313592034411505, 1.0354592107444909, 1.0412073998597398, 1.0394531279233019, 1.0552305126656218, 1.0478654455365419]} final=[1.0118551680739323, 0.76846524644700032]

test 3
{'acc': [0.87910053563053836, 0.88781378816676126, 0.89556438674005878, 0.90114284303803716, 0.90538839384888803, 0.91049786488287709, 0.91400291264532374, 0.91726112605830223, 0.92044528916644042, 0.92306173327080199, 0.92474020684718483, 0.92607311233431244, 0.92807247056500386, 0.93160220176239728], 'loss': [0.3428721059313003, 0.31264713563085134, 0.28547894683476482, 0.27013256097401811, 0.25753885062653986, 0.24646033872099787, 0.23794873921645732, 0.2283535888346947, 0.21911245561504272, 0.20918571309472214, 0.20607584434285872, 0.19923029883872476, 0.19404132750221903, 0.18845711751405542], 'val_acc': [0.76254997805244173, 0.76388271884460657, 0.76677032435326931, 0.76565970684993745, 0.76832518885793388, 0.76765881843537243, 0.76965792986193216, 0.76832518901680902, 0.76965792994136972, 0.76743669493470601, 0.77032430052280643, 0.77232341186992859, 0.76965793002080729, 0.77165704152680459], 'val_loss': [0.93112730569492075, 0.93365652736744742, 0.94567366122458041, 0.95041526348947791, 0.96506966880192924, 0.97074805100803008, 0.98211480330912493, 0.98498208458055025, 0.99068692135233605, 1.0072281309455196, 1.0118581082412055, 1.0153802258671256, 1.0290352170571175, 1.0312665427250101]}
test 3
{'acc': [0.87910053563053836, 0.88781378816676126, 0.89556438674005878, 0.90114284303803716, 0.90538839384888803, 0.91049786488287709, 0.91400291264532374, 0.91726112605830223, 0.92044528916644042, 0.92306173327080199, 0.92474020684718483, 0.92607311233431244, 0.92807247056500386, 0.93160220176239728], 'loss': [0.3428721059313003, 0.31264713563085134, 0.28547894683476482, 0.27013256097401811, 0.25753885062653986, 0.24646033872099787, 0.23794873921645732, 0.2283535888346947, 0.21911245561504272, 0.20918571309472214, 0.20607584434285872, 0.19923029883872476, 0.19404132750221903, 0.18845711751405542], 'val_acc': [0.76254997805244173, 0.76388271884460657, 0.76677032435326931, 0.76565970684993745, 0.76832518885793388, 0.76765881843537243, 0.76965792986193216, 0.76832518901680902, 0.76965792994136972, 0.76743669493470601, 0.77032430052280643, 0.77232341186992859, 0.76965793002080729, 0.77165704152680459], 'val_loss': [0.93112730569492075, 0.93365652736744742, 0.94567366122458041, 0.95041526348947791, 0.96506966880192924, 0.97074805100803008, 0.98211480330912493, 0.98498208458055025, 0.99068692135233605, 1.0072281309455196, 1.0118581082412055, 1.0153802258671256, 1.0290352170571175, 1.0312665427250101]} final=[1.0027865001204126, 0.76639195562230789]

test 4
{'acc': [0.88201318095426162, 0.89516945178090979, 0.89919285167723939, 0.90496877545479226], 'loss': [0.331910483313268, 0.29177886194605618, 0.27932067733531502, 0.26403260446997179], 'val_acc': [0.75966237238490386, 0.76432696589889759, 0.76366059539689857, 0.76388271889756487], 'val_loss': [0.9174068182746552, 0.93182879222969861, 0.93380378654722318, 0.9482040685952795]}
test 4
{'acc': [0.88201318095426162, 0.89516945178090979, 0.89919285167723939, 0.90496877545479226], 'loss': [0.331910483313268, 0.29177886194605618, 0.27932067733531502, 0.26403260446997179], 'val_acc': [0.75966237238490386, 0.76432696589889759, 0.76366059539689857, 0.76388271889756487], 'val_loss': [0.9174068182746552, 0.93182879222969861, 0.93380378654722318, 0.9482040685952795]} final=[0.93827328016232392, 0.76374850981294695]

test 5
{'acc': [0.88023597363809147, 0.89294794263569721, 0.89983462098585643, 0.90489472514995184], 'loss': [0.33542100974736133, 0.30009011449237821, 0.28100049685975281, 0.26530598275271677], 'val_acc': [0.749888938276146, 0.75499777879147256, 0.75299866728547515, 0.75433140828947343], 'val_loss': [0.91401243400488996, 0.92932614439172456, 0.94306869000553928, 0.950055684581538]}
test 5
{'acc': [0.88023597363809147, 0.89294794263569721, 0.89983462098585643, 0.90489472514995184], 'loss': [0.33542100974736133, 0.30009011449237821, 0.28100049685975281, 0.26530598275271677], 'val_acc': [0.749888938276146, 0.75499777879147256, 0.75299866728547515, 0.75433140828947343], 'val_loss': [0.91401243400488996, 0.92932614439172456, 0.94306869000553928, 0.950055684581538]} final=[0.9217053946666236, 0.76307469026510877]

test 6
{'acc': [0.88897390960926126, 0.90035297311973939, 0.90679534964085606, 0.90938711031027075, 0.91627378866042997, 0.91632315553032362, 0.92224717991755734, 0.9259250117246316, 0.9266901982079826, 0.92859082269888682, 0.93024461284032289, 0.93103448275862066, 0.93392244464739715], 'loss': [0.31005719674126481, 0.27631639461770624, 0.25697753496804993, 0.24470481566642127, 0.22935742020792371, 0.2247794769078878, 0.21398522392512279, 0.20496833675170276, 0.20005246309586369, 0.19269838625570068, 0.18932548922515458, 0.18546647399189126, 0.1784868443946967], 'val_acc': [0.74833407393035656, 0.75211017344168485, 0.75099955593835299, 0.75544202595168042, 0.75744113745767772, 0.75655264345501227, 0.76032874296634056, 0.75766326103778159, 0.76055086654644444, 0.76210573105110901, 0.76277210155310815, 0.75966237246434143, 0.76277210155310815], 'val_loss': [0.96559230039936339, 0.96818026157550308, 0.98626832610392556, 0.98827233707994844, 1.0037265972051024, 1.0085480980002473, 1.0150017272308633, 1.0251418568726807, 1.0307686719720706, 1.0416134596400555, 1.0484089081894288, 1.0518571369280449, 1.0613463883503762]}
test 6
{'acc': [0.88897390960926126, 0.90035297311973939, 0.90679534964085606, 0.90938711031027075, 0.91627378866042997, 0.91632315553032362, 0.92224717991755734, 0.9259250117246316, 0.9266901982079826, 0.92859082269888682, 0.93024461284032289, 0.93103448275862066, 0.93392244464739715], 'loss': [0.31005719674126481, 0.27631639461770624, 0.25697753496804993, 0.24470481566642127, 0.22935742020792371, 0.2247794769078878, 0.21398522392512279, 0.20496833675170276, 0.20005246309586369, 0.19269838625570068, 0.18932548922515458, 0.18546647399189126, 0.1784868443946967], 'val_acc': [0.74833407393035656, 0.75211017344168485, 0.75099955593835299, 0.75544202595168042, 0.75744113745767772, 0.75655264345501227, 0.76032874296634056, 0.75766326103778159, 0.76055086654644444, 0.76210573105110901, 0.76277210155310815, 0.75966237246434143, 0.76277210155310815], 'val_loss': [0.96559230039936339, 0.96818026157550308, 0.98626832610392556, 0.98827233707994844, 1.0037265972051024, 1.0085480980002473, 1.0150017272308633, 1.0251418568726807, 1.0307686719720706, 1.0416134596400555, 1.0484089081894288, 1.0518571369280449, 1.0613463883503762]} final=[1.024025637668615, 0.76898356918870203]

test 7
{'acc': [0.86873349295287927, 0.88416063979463377, 0.89126946905931426, 0.89645299039814386, 0.90220423074074985, 0.90622763063707945], 'loss': [0.36827857825738008, 0.3251187521717418, 0.30591462878888515, 0.29028675176409779, 0.2694910949994142, 0.25880392068895464], 'val_acc': [0.74389160381111241, 0.74366948038988356, 0.74722345632110787, 0.75144380291320656, 0.74922256790654285, 0.75122167941254014], 'val_loss': [0.89642256331517933, 0.91053187412878822, 0.91200218715438941, 0.91518932001053732, 0.93390315646650734, 0.93597245735361645]}
test 7
{'acc': [0.86873349295287927, 0.88416063979463377, 0.89126946905931426, 0.89645299039814386, 0.90220423074074985, 0.90622763063707945], 'loss': [0.36827857825738008, 0.3251187521717418, 0.30591462878888515, 0.29028675176409779, 0.2694910949994142, 0.25880392068895464], 'val_acc': [0.74389160381111241, 0.74366948038988356, 0.74722345632110787, 0.75144380291320656, 0.74922256790654285, 0.75122167941254014], 'val_loss': [0.89642256331517933, 0.91053187412878822, 0.91200218715438941, 0.91518932001053732, 0.93390315646650734, 0.93597245735361645]} final=[0.90590663251094339, 0.76659928473320005]

test 8
{'acc': [0.88727075259793153, 0.9010934761681435, 0.90482067484511142, 0.91170735319527063], 'loss': [0.31483043247345555, 0.27594127100449956, 0.26245629208877042, 0.24461398848853816], 'val_acc': [0.7576632608524273, 0.7627721012883163, 0.75944024877832073, 0.76166148386442201], 'val_loss': [0.91749481633735841, 0.92219260278038317, 0.92739772722489144, 0.93039957744076429]}
test 8
{'acc': [0.88727075259793153, 0.9010934761681435, 0.90482067484511142, 0.91170735319527063], 'loss': [0.31483043247345555, 0.27594127100449956, 0.26245629208877042, 0.24461398848853816], 'val_acc': [0.7576632608524273, 0.7627721012883163, 0.75944024877832073, 0.76166148386442201], 'val_loss': [0.91749481633735841, 0.92219260278038317, 0.92739772722489144, 0.93039957744076429]} final=[0.94155433827596302, 0.76390400659127844]

test 9
{'acc': [0.87396638116160241, 0.88778910473181449, 0.89435489842766525, 0.90050107372942023, 0.90565991163330284], 'loss': [0.35638177047358316, 0.31990122413651917, 0.29643265624796977, 0.27809578015386283, 0.26372180991537747], 'val_acc': [0.75033318556874973, 0.75211017357408072, 0.75699689021803229, 0.75499777879147256, 0.75655264321669957], 'val_loss': [0.92388835820766202, 0.93657517761508391, 0.93967720478283256, 0.9619003360613565, 0.96632050228669664]}
test 9
{'acc': [0.87396638116160241, 0.88778910473181449, 0.89435489842766525, 0.90050107372942023, 0.90565991163330284], 'loss': [0.35638177047358316, 0.31990122413651917, 0.29643265624796977, 0.27809578015386283, 0.26372180991537747], 'val_acc': [0.75033318556874973, 0.75211017357408072, 0.75699689021803229, 0.75499777879147256, 0.75655264321669957], 'val_loss': [0.92388835820766202, 0.93657517761508391, 0.93967720478283256, 0.9619003360613565, 0.96632050228669664]} final=[0.91522113117602988, 0.76903540143166882]
