QBIO FLASHFREEZE
test 0
{'acc': [0.94257677639048465, 0.94857350544736274, 0.95048155569930559], 'loss': [0.16192639786590993, 0.14311835011249019, 0.13384462487647777], 'val_acc': [0.83464066
162689621, 0.83506465993090306, 0.83442866247489289], 'val_loss': [0.53058969946718326, 0.55081563915063048, 0.56732640954835045]}
final=[0.56732640954835045, 0.83442866247489289]

test 1
{'acc': [0.93848809748806783, 0.94521170288091483, 0.94711975312202645], 'loss': [0.17489092445159077, 0.15042568777889073, 0.13782007002015992], 'val_acc': [0.83379266
501888272, 0.82276870911470634, 0.83379266501888272], 'val_loss': [0.51399819999269847, 0.5527677293017883, 0.56966883258746792]} final=[0.56966883258746792, 0.83379266501888272]

test 2
{'acc': [0.93839723787025264, 0.9470288934175608, 0.94612029819256305], 'loss': [0.17539318119347172, 0.14962128662324356, 0.14356978382226793], 'val_acc': [0.833792665
01888272, 0.83230867095485894, 0.83421666332288946], 'val_loss': [0.53001525545110129, 0.54638637886326369, 0.55707972919584614]} final=[0.55707972919584614, 0.83421666332288946]

test 3
{'acc': [0.93739778328739076, 0.94639287669940708, 0.94721061239324], 'loss': [0.17393571881950715, 0.15045367622947381, 0.13648400544665323], 'val_acc': [0.83379266500
62466, 0.83591265652628044, 0.83421666331025335], 'val_loss': [0.52901307993681213, 0.54209219562772326, 0.56331668026194071]} final=[0.56331668026194071, 0.83421666331025335]

test 4
{'acc': [0.93966927130656008, 0.94675631491071677, 0.94857350544736274], 'loss': [0.16938410296578549, 0.14840709146598935, 0.13701443373479996], 'val_acc': [0.83654865
399492684, 0.83591265652628044, 0.83909264381896753], 'val_loss': [0.52061007075676702, 0.53599818107408059, 0.542439914442155]} final=[0.542439914442155, 0.83909264381896753]

test 5
{'acc': [0.94012356913568496, 0.94412138844194915, 0.94848264592702924], 'loss': [0.17052032276866178, 0.15183856168075754, 0.13343659270227812], 'val_acc': [0.83103667
605547471, 0.82616069554676064, 0.82976468113081825], 'val_loss': [0.53951263239455971, 0.5606032247029803, 0.56588619687129105]} final=[0.56588619687129105, 0.82976468113081825]

test 6
{'acc': [0.94139560239869158, 0.94648373614392145, 0.94984553897032065], 'loss': [0.16481184761740394, 0.14778822920668153, 0.13350158309732896], 'val_acc': [0.83167267
349884877, 0.83358066586687929, 0.83485266077889964], 'val_loss': [0.5382506005435973, 0.55108398733589892, 0.56318793099437547]} final=[0.56318793099437547, 0.83485266077889964]

test 7
{'acc': [0.94003270953953233, 0.94512084326309964, 0.9492095221763478], 'loss': [0.17194713220235847, 0.14828854461334065, 0.13421979534361722], 'val_acc': [0.833156667
55023643, 0.83782064889431096, 0.84015263956634834], 'val_loss': [0.52652071949938783, 0.53400768200320559, 0.55097200170724803]} final=[0.55097200170724803, 0.84015263956634834]

test 8
{'acc': [0.93703434498943072, 0.94448482654494592, 0.94766491013571452], 'loss': [0.1720328613419804, 0.1500604546708604, 0.13591268360100289], 'val_acc': [0.8359126565
3891667, 0.83739665060294033, 0.83230867095485894], 'val_loss': [0.52362940695317639, 0.54568755826329385, 0.56186471203764998]} final=[0.56186471203764998, 0.83230867095485894]

test 9
{'acc': [0.94021442858019932, 0.94666545539038327, 0.9490278031031868], 'loss': [0.17154469608166598, 0.14908939436979776, 0.1390439995078635], 'val_acc': [0.8342166633
2288946, 0.8318846726508522, 0.83082467689083517], 'val_loss': [0.52864266258188797, 0.55278485492803753, 0.56766553354232974]} final=[0.56766553354232974, 0.83082467689083517]

[0.83442866247489289,0.83379266501888272,0.83421666332288946,0.83421666331025335,0.83909264381896753,0.82976468113081825,0.83485266077889964,0.84015263956634834,0.83230867095485894,0.83082467689083517]

QBIO FROZEN
test 0
{'acc': [0.72841998992214174, 0.80747097428551473, 0.85683997980817772, 0.87279151945268185, 0.90186774357589194, 0.91630489652292824], 'loss': [0.69276368429057833, 0.49160259481874879, 0.39237482944622837, 0.33350341318834315, 0.2730029852988442, 0.23714793404505025], 'val_acc': [0.79291553155169714, 0.81017257120260644, 0.81198910103398603, 0.82470481467182044, 0.80290644889956275, 0.8138056321105126], 'val_loss': [0.52626953300403312, 0.5219220411874943, 0.49865666722081986, 0.49940596116227959, 0.57728792850154842, 0.58968993488167976]} final=[0.62015864728794579, 0.80729277101845864]

test 1
{'acc': [0.72498738012309027, 0.81130742052478777, 0.8477536598761114, 0.87501261990699786, 0.90499747602221103], 'loss': [0.68618098490771351, 0.49783826949679449, 0.40196930971006023, 0.33965115055840522, 0.26368435195062812], 'val_acc': [0.81017257120260644, 0.81017257120260644, 0.83832879281931849, 0.83106267111177989, 0.82924614073903202], 'val_loss': [0.50782967187619876, 0.49471139312331835, 0.47720180058024558, 0.48425740490817243, 0.54139263666726367]} final=[0.58855030732258973, 0.81556073794659101]

test 2
{'acc': [0.72741039882459646, 0.81837455830388695, 0.85058051491553943, 0.89116607775656875, 0.90176678456061421, 0.91963654721041987, 0.92539121666561164], 'loss': [0.68205855091312573, 0.48064949455163747, 0.39216505401607477, 0.30430080786550484, 0.27285127561390854, 0.22067718767024602, 0.2072210870476337], 'val_acc': [0.78383288006691587, 0.78474114522622129, 0.80018165315096212, 0.80290644944093104, 0.81743869220636634, 0.81380563146087059, 0.79745685761890883], 'val_loss': [0.56298579431251439, 0.56114010048605545, 0.56806942861151632, 0.58910579869792634, 0.55098142838283193, 0.62383022511904074, 0.64134638565004576]} final=[0.58614072242176374, 0.81577273709859432]

test 3
{'acc': [0.73366986371723464, 0.81201413428765368, 0.84946996466431091, 0.8818778394870479, 0.89762746088436185, 0.92004038364462393, 0.92397778901350969], 'loss': [0.67531083739207043, 0.48564011373043303, 0.39105500815975008, 0.32283955880453463, 0.28155165995870318, 0.23282197806824342, 0.21843833622157363], 'val_acc': [0.75204359683851885, 0.79654859294683467, 0.81017257114846963, 0.81653042688465027, 0.82561307901907355, 0.82288828337874664, 0.8219800181653043], 'val_loss': [0.62664405402002499, 0.51844454485648983, 0.52852796739496821, 0.51445928205153169, 0.52671946585178375, 0.54968009181286837, 0.56879893672076498]} final=[0.58433270204211285, 0.81768072946662496]

test 4
{'acc': [0.73074204948801758, 0.81524482585756786, 0.85421504291364003, 0.87854618879353863], 'loss': [0.68360247380922445, 0.48250015980062433, 0.39171548000584344, 0.33266611529052531], 'val_acc': [0.80108991906818316, 0.82016348860460886, 0.81017257120260644, 0.79654859300097158], 'val_loss': [0.54224504615695335, 0.53042399141595753, 0.50717139525591082, 0.57030399884016914]} final=[0.55534039173991545, 0.80898876423448585]


test 5
{'acc': [0.72518929834620993, 0.81201413428765368, 0.85118626959091603, 0.88238263504484693, 0.89540636054438094, 0.91246845038595492], 'loss': [0.68798289074252672, 0.4941156228975116, 0.39831071788165862, 0.32389125193326779, 0.28404980474563035, 0.24098093465444478], 'val_acc': [0.80199818433576231, 0.81925522339116652, 0.8210717538180512, 0.8356039965834865, 0.8310626705162748, 0.7992733880457934], 'val_loss': [0.51600298179917503, 0.49751357194188506, 0.47578379606572635, 0.48533418263011796, 0.49341050323630115, 0.59897505609042856]} final=[0.66414016017677269, 0.7871528515655003]

test 6
{'acc': [0.73286219084280901, 0.81837455832795747, 0.85330641091561932, 0.88531044928008173, 0.90782433115792116, 0.91539626453694278,
         0.92498738012309034, 0.9313478041573765],
'loss': [0.67972931038665385, 0.4849742975817492, 0.38812082810031229, 0.31486400513562335,
0.26357461574070384, 0.23950663971094577, 0.21302027921373348, 0.19539161557684276],
'val_acc': [0.74477747578062214, 0.78292461479933662, 0.79291553214720223, 0.80744777556227942, 0.81108083641604878, 0.82016348855047205, 0.81471389721568122, 0.80290644954920465], 'val_loss': [0.67471191373659634, 0.56371790709330971, 0.59401271540289247, 0.55528247545893683, 0.59125349821554973, 0.57893822032900744, 0.62024471144801807, 0.62512829713015861]} final=[0.59259021944329471, 0.81852872606200233]


test 7
{'acc': [0.7275113579181034, 0.81221605252280848, 0.85764765280897359, 0.87884906614025338, 0.89883897023511494, 0.91095406362229314,
        0.93144876335920079, 0.9267036851158893, 0.93054013135516245, 0.94053508339958436, 0.94204946998271721],
'loss': [0.68542440848661035, 0.49292264834369809, 0.38947660446257254, 0.32397349181649421, 0.27618873478606876, 0.24001200880774459, 0.2029242533677037, 0.19988356512312574, 0.18535975409179911, 0.16235451041779572, 0.15138448913671465], 'val_acc': [0.79745685821441392, 0.79564032773339244, 0.81562216242912355, 0.81108083560399635, 0.81562216248326036, 0.8119891009257123, 0.82107175376391428, 0.82107175370977747, 0.82379654935010449, 0.81562216167120805, 0.82107175376391428], 'val_loss': [0.53004187364452648, 0.51558430865068638, 0.48140196380400851, 0.51860358564015629, 0.51880569700540791, 0.56105997633327687, 0.5727069291280249, 0.58861835099262716, 0.60484019931503907, 0.63309336044266484, 0.6388309777703316]} final=[0.66481254919368327, 0.82298070826670966]

test 8
{'acc': [0.72286723877431647, 0.81544674409874041, 0.8541140838201331, 0.88278647158736834, 0.90267541656465256, 0.91761736497922353],
'loss': [0.68975777281076844, 0.48259277872098089, 0.3891243876952345, 0.31453985592020334, 0.2707808103211175, 0.23722919744412627], 'val_acc': [0.79564032773339244, 0.80653951029470028, 0.81380563200223888, 0.83560399717899148, 0.82379654935010449, 0.83560399717899148], 'val_loss': [0.53226561079666246, 0.51149640610605662, 0.51646861153824775, 0.46980514009901875, 0.54137451298446893, 0.52348742809325965]} final=[0.5735744378413592, 0.82086071674667582]

test 9
{'acc': [0.72700656237835715, 0.81261988897506543, 0.85371024736787626, 0.87995961647572873, 0.9035840485686909, 0.91327612317011608], 'loss': [0.68325341642053361, 0.49423517568252234, 0.39108294347871858, 0.32317651534910941, 0.2669563699256044, 0.24370301051656745], 'val_acc': [0.77656675825110355, 0.76657584090323794, 0.79473206257408691, 0.8192552232828928, 0.80835604072158496, 0.79836512342785615], 'val_loss': [0.58590285622131599, 0.61636018187321928, 0.56624500065040417, 0.51255649558313321, 0.59106411317280483, 0.63027970943528888]} final=[0.62666763912097412, 0.81047275829850962]
[6,7,7,7,8,6,8,11,6,6]
[0.80729277101845864,0.81556073794659101,0.81577273709859432,0.81768072946662496,0.80898876423448585,0.7871528515655003,0.81852872606200233,0.82298070826670966,0.82086071674667582,0.81047275829850962]

QBIO NOT FROZEN
test 0
{'acc': [0.74174659264803777, 0.84260474509027861, 0.89066128219275209, 0.91781928319632555, 0.93013629490892313, 0.94023220606490499, 0.94780413932357399, 0.9496214033
3165068], 'loss': [0.6641775377617527, 0.42554998955661633, 0.30540663289759029, 0.23310981367135036, 0.19398179422764991, 0.15904065266078557, 0.13844665333831749, 0.1
2124603307199021], 'val_acc': [0.81471389645776571, 0.81743869209809261, 0.82561307901907355, 0.82742960944595823, 0.83015440508628524, 0.83469573115349682, 0.822888283
37874664, 0.83378746594005448], 'val_loss': [0.50809414110922146, 0.46429945596854977, 0.45557684970378443, 0.47130469849280721, 0.50455785916947327, 0.5808502378299169
6, 0.57775844590269798, 0.55310708204187875]} final=[0.6073136318910165, 0.82425270317873001]

test 1
{'acc': [0.73922261485302465, 0.83957597174348397, 0.88621908127208482, 0.91559818273599192, 0.93498233216149462, 0.94336193852325934], 'loss': [0.65561987270254607, 0.
42928976804123331, 0.31256824764171554, 0.23654039010503328, 0.19250785778833723, 0.16568310927150226], 'val_acc': [0.80472297910990009, 0.82288828337874664, 0.82742960
944595823, 0.8292461398728429, 0.81289736603088103, 0.82470481380563121], 'val_loss': [0.51576805097151623, 0.48026960791104711, 0.47903357003625147, 0.5114308269212291
, 0.63110910153031674, 0.58675583581237989]} final=[0.601182210690545, 0.82234471081069949]

test 2
{'acc': [0.73912165583774692, 0.83745583040674543, 0.88571428572030331, 0.91741544676813913, 0.93457849571525542, 0.94416961131945576], 'loss': [0.66359103751688042, 0.
43341483208099318, 0.31432380477687677, 0.23720905738668813, 0.19362820035757772, 0.16323866208113547], 'val_acc': [0.78201634964003119, 0.83015440584420075, 0.83106267
11659167, 0.83832879276518169, 0.82924614063075841, 0.83469573196554925], 'val_loss': [0.56559145694207758, 0.47427349974089161, 0.48548359702003752, 0.4862929283760548
7, 0.58077513792642566, 0.56647020973583229]} final=[0.59061157445622525, 0.83018867943482499]

test 3
{'acc': [0.74204946998873489, 0.84260474509027861, 0.88662291782664149, 0.91983846542150427, 0.93134780424764096, 0.94235234740766116, 0.94568399808913517, 0.9508329126
7036851], 'loss': [0.65427421688852982, 0.42445627033319333, 0.30605577159746317, 0.23547990237414868, 0.19454856024192838, 0.16356360195623029, 0.14445802436700558, 0.
12390259582472232], 'val_acc': [0.78837420624240107, 0.81743869296428184, 0.81834695752808229, 0.81834695758221909, 0.80744777550814262, 0.83015440595247436, 0.82107175
316840919, 0.82288828359529387], 'val_loss': [0.5515223540142381, 0.49713037081137235, 0.53478603802628133, 0.55999477612333448, 0.60721384198637463, 0.5822774344525696
3, 0.60433144416731122, 0.67240268863622543]} final=[0.67111219710557679, 0.82870468537080133]

test 4
{'acc': [0.74487632511240975, 0.84623927311244962, 0.88995456839979803, 0.92276627966275671, 0.93700151439870871, 0.94275618385390036], 'loss': [0.64872904354607674, 0.
41661993026251987, 0.30055854179713537, 0.22882162641690634, 0.18876791208576277, 0.16259686447405441], 'val_acc': [0.77020890175700729, 0.80018165304268851, 0.81653042
688465027, 0.83106267105764309, 0.82198001892321981, 0.82288828413666215], 'val_loss': [0.57226507136975491, 0.52429572037411865, 0.54016352614064744, 0.546678649293737
55, 0.58255991499387172, 0.58758033079845484]} final=[0.5504506998252181, 0.83018867943482499]

test 5
{'acc': [0.73700151442277917, 0.84139323575156078, 0.8888440181846754, 0.91953558808682478, 0.93427561838057593, 0.94618879355065211], 'loss': [0.66757346359182645, 0.4
2744756918673199, 0.30695208488601078, 0.23410514779370101, 0.18535220373886394, 0.15709237292341244], 'val_acc': [0.76021798392191031, 0.80472297997608933, 0.810172571
25674325, 0.8383287928734553, 0.83378746680624372, 0.83287920159280138], 'val_loss': [0.57283688360295659, 0.51388390490837688, 0.52438276545986273, 0.50645405221916562
, 0.53930668122761904, 0.56274174821041156]} final=[0.57503135341543599, 0.83464066162689621]

test 6
{'acc': [0.73558808684890642, 0.83735487128916808, 0.89045936397565006, 0.9164058557367879], 'loss': [0.66234045430062571, 0.43049085185962277, 0.30463830585855234, 0.2
324590158501639], 'val_acc': [0.81653042764256589, 0.8510445057533742, 0.84559491382307839, 0.83197093627108543], 'val_loss': [0.47563782458842396, 0.40068753148944242,
 0.4355094651002217, 0.51404150753374211]} final=[0.6099841468713787, 0.80580877695443498]

test 7
{'acc': [0.73104492684074995, 0.84553255942179539, 0.8901564867432703, 0.91196365473789132, 0.93558808693315332, 0.94265522474234065, 0.94861181232436986], 'loss': [0.6
6839901629510035, 0.42366369394326919, 0.30047451134043351, 0.24353564185725504, 0.18382123507284745, 0.15655403229728124, 0.13857910646325949], 'val_acc': [0.789282471
23929607, 0.82379654935010449, 0.82833787541731607, 0.83287920148452776, 0.84105358775586669, 0.83287920148452776, 0.83197093562144353], 'val_loss': [0.5702777861411955
1, 0.46216161068627015, 0.50589796588109037, 0.50280859682042423, 0.56166968569768549, 0.61168786959145738, 0.61753720662249534]} final=[0.64733908667715012, 0.82404070
40393628]

test 8
{'acc': [0.73478041395041027, 0.83886925805884738, 0.89096415962371367, 0.9205451792084407, 0.93508329137535418, 0.94265522475437591, 0.94871277144796495, 0.95032811711
256937, 0.95396264514075813, 0.95436648158699744], 'loss': [0.65773712177579902, 0.42307465201613276, 0.30358062079086984, 0.23107933213860021, 0.18658128083128331, 0.1
628188609475141, 0.13915134211010188, 0.12282979629824764, 0.10773397244810155, 0.099772761218298686], 'val_acc': [0.8119891009257123, 0.81198910168362792, 0.8183469581
7772418, 0.81743869296428184, 0.8210717538180512, 0.82470481456354683, 0.82742960955423184, 0.83742052755173935, 0.83560399712485467, 0.82561307912734727], 'val_loss':
[0.49874997258078069, 0.49481453103005724, 0.52771274589820949, 0.56290590930916196, 0.59752338594138676, 0.55896414744648248, 0.61845337023635438, 0.59885244603377918,
 0.66319575583685753, 0.75851610798277058]} final=[0.73590849067337416, 0.83040067858682842]

test 9
{'acc': [0.7411408379786788, 0.84391721355259153, 0.89005552751737549, 0.91751640585562844, 0.93094396770511956, 0.94023220595658763, 0.94820797579388372, 0.95012619899
776718], 'loss': [0.66052321854533114, 0.42453742071813194, 0.30287700905786624, 0.23310050578023495, 0.19684779507111325, 0.16410277655243813, 0.14250975530415938, 0.1
2644960190658916], 'val_acc': [0.79836512348199307, 0.82924614073903202, 0.8428701190489406, 0.84377838415410933, 0.84650317979443623, 0.85467756671541717, 0.8437783833
9619371, 0.83742052690209745], 'val_loss': [0.52522563430853697, 0.44973354367750756, 0.46217690490788488, 0.48934530702966866, 0.46692612813235845, 0.51827988610497178
, 0.56231671896552515, 0.58393166251446749]} final=[0.65085322730036288, 0.82594869639475721]

QBIO FREEZE UNFREEZE
test 0
{'acc': [0.94578495709839527, 0.9504290762241292, 0.95477031802120138], 'loss': [0.15761797431741684, 0.13173510735231117, 0.12062436167728052], 'val_acc': [0.826521344
44906322, 0.82652134444906322, 0.82561307923562088], 'val_loss': [0.54957660093402771, 0.59133215073993484, 0.62282395980013816]}
test 0
{'acc': [0.94578495709839527, 0.9504290762241292, 0.95477031802120138], 'loss': [0.15761797431741684, 0.13173510735231117, 0.12062436167728052], 'val_acc': [0.826521344
44906322, 0.82652134444906322, 0.82561307923562088], 'val_loss': [0.54957660093402771, 0.59133215073993484, 0.62282395980013816]} final=[0.65586313216747405, 0.82361670
572271983]

test 1
{'acc': [0.95002523978992526, 0.951135790005048, 0.95527511359103578, 0.95779909137401364], 'loss': [0.14431188791945149, 0.12958751226211665, 0.11667655422674292, 0.10
924151041392183], 'val_acc': [0.83469573115349682, 0.83560399636693916, 0.82742961020387373, 0.82742961020387373], 'val_loss': [0.59664034341325767, 0.6090233312965414,
 0.6361843432679597, 0.65101747554502742]}
test 1
{'acc': [0.95002523978992526, 0.951135790005048, 0.95527511359103578, 0.95779909137401364], 'loss': [0.14431188791945149, 0.12958751226211665, 0.11667655422674292, 0.10
924151041392183], 'val_acc': [0.83469573115349682, 0.83560399636693916, 0.82742961020387373, 0.82742961020387373], 'val_loss': [0.59664034341325767, 0.6090233312965414,
 0.6361843432679597, 0.65101747554502742]} final=[0.68217127139168521, 0.82064871759467239]

test 2
{'acc': [0.9323573953752744, 0.94225138829610133, 0.94770318021201416, 0.95083291267036851, 0.95083291267036851, 0.95214538112064617], 'loss': [0.19214525816116834, 0.1
6143991953191705, 0.14302561998796065, 0.13370201993942382, 0.12377909764549698, 0.12196613427802566], 'val_acc': [0.82470481467182044, 0.83197093632522223, 0.830154405
89833756, 0.84014532324620317, 0.83651226239243381, 0.83560399717899148], 'val_loss': [0.53151057212597452, 0.54143871500966334, 0.57665358858688864, 0.5734977658286515
3, 0.58664097724233721, 0.58738494790975448]}
test 2
{'acc': [0.9323573953752744, 0.94225138829610133, 0.94770318021201416, 0.95083291267036851, 0.95083291267036851, 0.95214538112064617], 'loss': [0.19214525816116834, 0.1
6143991953191705, 0.14302561998796065, 0.13370201993942382, 0.12377909764549698, 0.12196613427802566], 'val_acc': [0.82470481467182044, 0.83197093632522223, 0.830154405
89833756, 0.84014532324620317, 0.83651226239243381, 0.83560399717899148], 'val_loss': [0.53151057212597452, 0.54143871500966334, 0.57665358858688864, 0.5734977658286515
3, 0.58664097724233721, 0.58738494790975448]} final=[0.6272229369803205, 0.82170871335468931]

test 3
{'acc': [0.94750126198889451, 0.95285209490156486, 0.95537607279887771, 0.9560827865797964, 0.95759717314487636], 'loss': [0.14769660419455868, 0.12900581502217887, 0.1
1614735425120348, 0.1099321165646284, 0.10650194026510984], 'val_acc': [0.82198001903149343, 0.8237965494583781, 0.83560399723312839, 0.82470481467182044, 0.82742961031
214746], 'val_loss': [0.59612418574489967, 0.61018682327409102, 0.62202031616727183, 0.65231289027713846, 0.67230261725582496]}
test 3
{'acc': [0.94750126198889451, 0.95285209490156486, 0.95537607279887771, 0.9560827865797964, 0.95759717314487636], 'loss': [0.14769660419455868, 0.12900581502217887, 0.1
1614735425120348, 0.1099321165646284, 0.10650194026510984], 'val_acc': [0.82198001903149343, 0.8237965494583781, 0.83560399723312839, 0.82470481467182044, 0.82742961031
214746], 'val_loss': [0.59612418574489967, 0.61018682327409102, 0.62202031616727183, 0.65231289027713846, 0.67230261725582496]} final=[0.69000389136473506, 0.8195887218
3465548]

test 4
{'acc': [0.94669358909641599, 0.95234729945208318, 0.95456839990639919, 0.95648662292975362], 'loss': [0.15209016732529279, 0.13326012439375151, 0.11899816489983905, 0.
11030914119206432], 'val_acc': [0.83742052755173935, 0.8410535884055087, 0.83832879276518169, 0.83832879276518169], 'val_loss': [0.51308201774481099, 0.5313811887404141
8, 0.54978366389694699, 0.5667183355890979]}
test 4
{'acc': [0.94669358909641599, 0.95234729945208318, 0.95456839990639919, 0.95648662292975362], 'loss': [0.15209016732529279, 0.13326012439375151, 0.11899816489983905, 0.
11030914119206432], 'val_acc': [0.83742052755173935, 0.8410535884055087, 0.83832879276518169, 0.83832879276518169], 'val_loss': [0.51308201774481099, 0.5313811887404141
8, 0.54978366389694699, 0.5667183355890979]} final=[0.66651224311640989, 0.82531269893874704]

test 5
{'acc': [0.95002523977789, 0.953356890459364, 0.95820292781423522, 0.96072690560323071, 0.96082786471479054, 0.95981827370750972, 0.96173649671882888], 'loss': [0.13795
064795294054, 0.12397497428777632, 0.10901278904754366, 0.10048629454835865, 0.098312491822775294, 0.098834743172095799, 0.092947991751604522], 'val_acc': [0.8110808358
2054369, 0.80926430539365901, 0.81562216188775527, 0.81108083582054369, 0.81743869231463995, 0.81380563146087059, 0.81017257060710135], 'val_loss': [0.65637625362740981
, 0.67146148051487975, 0.7002434595187722, 0.7099938572373421, 0.75297236973106807, 0.72307957323110716, 0.73193944123092292]}
test 5
{'acc': [0.95002523977789, 0.953356890459364, 0.95820292781423522, 0.96072690560323071, 0.96082786471479054, 0.95981827370750972, 0.96173649671882888], 'loss': [0.13795
064795294054, 0.12397497428777632, 0.10901278904754366, 0.10048629454835865, 0.098312491822775294, 0.098834743172095799, 0.092947991751604522], 'val_acc': [0.8110808358
2054369, 0.80926430539365901, 0.81562216188775527, 0.81108083582054369, 0.81743869231463995, 0.81380563146087059, 0.81017257060710135], 'val_loss': [0.65637625362740981
, 0.67146148051487975, 0.7002434595187722, 0.7099938572373421, 0.75297236973106807, 0.72307957323110716, 0.73193944123092292]} final=[0.69054534130994105, 0.82573669724
275378]

test 6
{'acc': [0.932963150032598, 0.940535083291267, 0.94780413932357399, 0.94972236255152787], 'loss': [0.2016824585855278, 0.17320242120815249, 0.15035978500693209, 0.14013
209955250597], 'val_acc': [0.82742961020387373, 0.83015440584420075, 0.82561307977698917, 0.83015440584420075], 'val_loss': [0.4961971252561157, 0.51538065632130214, 0.
54590399961218194, 0.55056876432045709]}
test 6
{'acc': [0.932963150032598, 0.940535083291267, 0.94780413932357399, 0.94972236255152787], 'loss': [0.2016824585855278, 0.17320242120815249, 0.15035978500693209, 0.14013
209955250597], 'val_acc': [0.82742961020387373, 0.83015440584420075, 0.82561307977698917, 0.83015440584420075], 'val_loss': [0.4961971252561157, 0.51538065632130214, 0.
54590399961218194, 0.55056876432045709]} final=[0.6027388496876066, 0.82828068706679447]

test 7
{'acc': [0.95557799091368001, 0.95537607269056035, 0.95810196870869302, 0.95658758204131344], 'loss': [0.12361446839203924, 0.11237130061483996, 0.10498097393923128, 0.
096913884762920913], 'val_acc': [0.83015440589833756, 0.83378746675210691, 0.83015440589833756, 0.83287920153866457], 'val_loss': [0.58838654996372153, 0.59352277891945
56, 0.61046497292349711, 0.61529133782183221]}
test 7
{'acc': [0.95557799091368001, 0.95537607269056035, 0.95810196870869302, 0.95658758204131344], 'loss': [0.12361446839203924, 0.11237130061483996, 0.10498097393923128, 0.
096913884762920913], 'val_acc': [0.83015440589833756, 0.83378746675210691, 0.83015440589833756, 0.83287920153866457], 'val_loss': [0.58838654996372153, 0.59352277891945
56, 0.61046497292349711, 0.61529133782183221]} final=[0.72358193975246021, 0.82128471506331868]

test 8
{'acc': [0.948006057655011, 0.95345784957092372, 0.95487127713877884, 0.95890964170347137, 0.9590106008150312, 0.95921251892983339, 0.95870772337203436, 0.9619384149419
4854, 0.9596163553760727], 'loss': [0.14817742592815436, 0.1288774477335794, 0.11811968449508825, 0.11135458854760021, 0.10702918495706451, 0.099457310529774579, 0.0990
00356414819357, 0.09423215689832426, 0.095951235248833699], 'val_acc': [0.82470481380563121, 0.82288828337874664, 0.82561307901907355, 0.82470481380563121, 0.8301544050
8628524, 0.83469573115349682, 0.8392370572207084, 0.82470481380563121, 0.82652134423251589], 'val_loss': [0.60204208558332262, 0.62966750369328572, 0.64286085197551479,
 0.65993287585858429, 0.66919818191326386, 0.67263526422099351, 0.67768930456009813, 0.69229816693430268, 0.69540010775683903]}
test 8
{'acc': [0.948006057655011, 0.95345784957092372, 0.95487127713877884, 0.95890964170347137, 0.9590106008150312, 0.95921251892983339, 0.95870772337203436, 0.9619384149419
4854, 0.9596163553760727], 'loss': [0.14817742592815436, 0.1288774477335794, 0.11811968449508825, 0.11135458854760021, 0.10702918495706451, 0.099457310529774579, 0.0990
00356414819357, 0.09423215689832426, 0.095951235248833699], 'val_acc': [0.82470481380563121, 0.82288828337874664, 0.82561307901907355, 0.82470481380563121, 0.8301544050
8628524, 0.83469573115349682, 0.8392370572207084, 0.82470481380563121, 0.82652134423251589], 'val_loss': [0.60204208558332262, 0.62966750369328572, 0.64286085197551479,
 0.65993287585858429, 0.66919818191326386, 0.67263526422099351, 0.67768930456009813, 0.69229816693430268, 0.69540010775683903]} final=[0.70868310784040078, 0.8198007209
8665879]

test 9
{'acc': [0.94921756689744663, 0.95567895004329262, 0.9594144372612704, 0.96032306915699139, 0.95860676426047453], 'loss': [0.14030331796705572, 0.12109230355985354, 0.1
0731591410946208, 0.10001056156525974, 0.10379560456763068], 'val_acc': [0.80744777561641623, 0.8138056321105126, 0.81562216253739717, 0.80290644954920465, 0.8147138973
2395483], 'val_loss': [0.68997859613771984, 0.72379229601462469, 0.74422899080773686, 0.78113599044425608, 0.75718186174491442]}
test 9
{'acc': [0.94921756689744663, 0.95567895004329262, 0.9594144372612704, 0.96032306915699139, 0.95860676426047453], 'loss': [0.14030331796705572, 0.12109230355985354, 0.1
0731591410946208, 0.10001056156525974, 0.10379560456763068], 'val_acc': [0.80744777561641623, 0.8138056321105126, 0.81562216253739717, 0.80290644954920465, 0.8147138973
2395483], 'val_loss': [0.68997859613771984, 0.72379229601462469, 0.74422899080773686, 0.78113599044425608, 0.75718186174491442]} final=[0.69314452554048911, 0.824676701
49537298]
